S1001L01.jpg 156 111 111 
S1001L02.jpg 160 122 111 
S1001L03.jpg 132 140 106 
S1001L04.jpg 178 146 108 
S1001L05.jpg 160 140 107 
S1001L06.jpg 164 144 115 
S1001L07.jpg 156 132 111 
S1001L08.jpg 162 144 116 
S1001L09.jpg 138 114 108 
S1001L10.jpg 150 124 110 
S1001R01.jpg 184 132 105 
S1001R02.jpg 148 128 108 
S1001R03.jpg 174 132 107 
S1001R04.jpg 188 138 105 
S1001R05.jpg 180 138 109 
S1001R06.jpg 170 130 109 
S1001R07.jpg 184 138 109 
S1001R08.jpg 186 128 111 
S1001R09.jpg 178 146 107 
S1001R10.jpg 174 166 107 
S1002L01.jpg 164 160 104 
S1002L02.jpg 154 162 108 
S1002L03.jpg 144 178 110 
S1002L04.jpg 178 162 101 
S1002L05.jpg 184 188 104 
S1002L06.jpg 174 182 105 
S1002L07.jpg 146 170 108 
S1002L08.jpg 158 188 110 
S1002L09.jpg 144 170 109 
S1002L10.jpg 156 168 106 
S1002R01.jpg 132 150 106 
S1002R02.jpg 152 202 107 
S1002R03.jpg 114 162 107 
S1002R04.jpg 162 164 104 
S1002R05.jpg 144 190 106 
S1002R06.jpg 162 172 110 
S1002R07.jpg 160 164 103 
S1002R08.jpg 166 180 111 
S1002R09.jpg 172 200 110 
S1002R10.jpg 148 188 106 
S1003R01.jpg 162 186 107 
S1003R02.jpg 158 196 105 
S1003R03.jpg 186 198 105 
S1003R04.jpg 178 192 103 
S1003R05.jpg 168 194 108 
S1003R06.jpg 174 178 106 
S1003R07.jpg 148 178 102 
S1004R01.jpg 162 140 109 
S1004R02.jpg 130 128 109 
S1004R03.jpg 154 144 110 
S1004R04.jpg 156 172 110 
S1004R05.jpg 138 142 110 
S1004R06.jpg 164 136 112 
S1004R07.jpg 164 152 112 
S1005L01.jpg 174 138 105 
S1005R01.jpg 174 174 110 
S1005R02.jpg 142 180 105 
S1005R03.jpg 184 186 111 
S1005R04.jpg 164 188 108 
S1005R05.jpg 156 182 111 
S1005R06.jpg 168 162 108 
S1005R07.jpg 164 164 108 
S1006R01.jpg 156 174 111 
S1006R02.jpg 158 186 109 
S1006R03.jpg 160 184 105 
S1006R04.jpg 160 180 106 
S1006R05.jpg 142 184 108 
S1006R06.jpg 151 169 105 
S1006R07.jpg 162 168 106 
S1007L01.jpg 146 184 108 
S1007L02.jpg 140 158 105 
S1007L03.jpg 146 174 111 
S1007L04.jpg 144 170 109 
S1007L05.jpg 160 192 106 
S1007L06.jpg 154 160 109 
S1007L07.jpg 138 176 108 
S1007L08.jpg 152 160 107 
S1007L09.jpg 146 148 105 
S1007L10.jpg 168 148 101 
S1007R01.jpg 160 160 105 
S1007R02.jpg 144 136 107 
S1007R03.jpg 152 156 105 
S1007R04.jpg 152 162 107 
S1007R05.jpg 166 170 107 
S1007R06.jpg 178 160 108 
S1007R07.jpg 162 158 106 
S1007R08.jpg 158 160 109 
S1007R09.jpg 152 166 108 
S1007R10.jpg 148 156 107 
S1008L01.jpg 158 176 110 
S1008L02.jpg 192 164 113 
S1008L03.jpg 154 170 114 
S1008L04.jpg 174 168 113 
S1008L05.jpg 176 172 112 
S1008L06.jpg 156 172 113 
S1008L07.jpg 148 168 112 
S1008L08.jpg 140 152 114 
S1008L09.jpg 156 164 114 
S1008L10.jpg 152 162 113 
S1008R01.jpg 188 160 115 
S1008R02.jpg 164 168 111 
S1008R03.jpg 162 182 109 
S1008R04.jpg 178 164 113 
S1008R05.jpg 160 158 112 
S1008R06.jpg 186 162 112 
S1008R07.jpg 172 164 114 
S1008R08.jpg 160 158 112 
S1009L01.jpg 170 180 104 
S1009R01.jpg 160 160 98 
S1009R02.jpg 124 168 102 
S1009R03.jpg 148 196 101 
S1009R04.jpg 162 156 100 
S1009R05.jpg 113 169 103 
S1009R06.jpg 168 188 101 
S1009R07.jpg 122 190 98 
S1009R08.jpg 131 174 100 
S1010R01.jpg 154 182 104 
S1010R02.jpg 158 188 103 
S1010R03.jpg 136 192 103 
S1010R04.jpg 166 204 105 
S1010R05.jpg 142 172 101 
S1011L01.jpg 184 164 106 
S1011L02.jpg 148 162 104 
S1011L03.jpg 182 174 101 
S1011L04.jpg 146 178 105 
S1011L05.jpg 173 170 103 
S1011L06.jpg 158 152 104 
S1011L07.jpg 146 184 101 
S1011L08.jpg 158 154 108 
S1011L09.jpg 148 162 104 
S1011R01.jpg 146 150 108 
S1011R02.jpg 172 158 106 
S1011R03.jpg 152 166 111 
S1011R04.jpg 156 174 109 
S1011R05.jpg 141 150 108 
S1011R06.jpg 146 158 109 
S1011R07.jpg 138 166 109 
S1011R08.jpg 150 158 109 
S1011R09.jpg 152 146 108 
S1011R10.jpg 164 164 108 
S1012R01.jpg 131 175 111 
S1012R02.jpg 144 172 109 
S1012R03.jpg 160 172 106 
S1012R04.jpg 166 140 113 
S1012R05.jpg 184 168 101 
S1012R06.jpg 170 180 109 
S1013L01.jpg 127 161 102 
S1013L02.jpg 118 165 100 
S1013L03.jpg 136 147 103 
S1013L04.jpg 130 158 104 
S1013L05.jpg 122 160 105 
S1013L06.jpg 119 161 103 
S1013L07.jpg 150 158 100 
S1014L01.jpg 170 168 113 
S1014L02.jpg 152 154 114 
S1014L03.jpg 188 172 112 
S1014L04.jpg 186 162 111 
S1014L05.jpg 142 168 113 
S1014L06.jpg 158 156 113 
S1014L07.jpg 150 170 112 
S1015R01.jpg 134 186 112 
S1015R02.jpg 154 182 111 
S1015R03.jpg 142 166 112 
S1015R04.jpg 150 190 110 
S1015R05.jpg 132 176 111 
S1016L01.jpg 195 173 106 
S1016L02.jpg 142 162 112 
S1016L03.jpg 182 188 109 
S1016L04.jpg 158 174 112 
S1017R01.jpg 138 176 105 
S1017R02.jpg 165 196 107 
S1017R03.jpg 176 204 104 
S1017R04.jpg 148 180 104 
S1017R05.jpg 156 188 97 
S1017R06.jpg 156 188 109 
S1018R01.jpg 152 208 106 
S1018R02.jpg 136 188 108 
S1018R03.jpg 144 198 111 
S1019L01.jpg 162 168 103 
S1019L02.jpg 162 182 103 
S1019L03.jpg 158 188 105 
S1019L04.jpg 157 196 103 
S1019L05.jpg 156 194 104 
S1019L06.jpg 174 194 105 
S1019L07.jpg 154 176 102 
S1019L08.jpg 156 190 105 
S1019L09.jpg 169 173 103 
S1019L10.jpg 150 178 102 
S1019L11.jpg 166 182 102 
S1019L12.jpg 156 186 103 
S1019L13.jpg 150 180 105 
S1019L14.jpg 158 178 103 
S1019R01.jpg 148 192 103 
S1019R02.jpg 174 188 101 
S1019R03.jpg 193 199 100 
S1019R04.jpg 157 199 104 
S1019R05.jpg 194 200 101 
S1019R06.jpg 174 210 102 
S1019R07.jpg 174 176 104 
S1019R08.jpg 164 186 106 
S1019R09.jpg 164 212 105 
S1019R10.jpg 174 194 106 
S1019R11.jpg 166 182 105 
S1019R12.jpg 166 166 102 
S1019R13.jpg 182 194 103 
S1019R14.jpg 174 190 103 
S1019R15.jpg 158 188 106 
S1019R16.jpg 188 152 97 
S1019R17.jpg 208 168 101 
S1019R18.jpg 172 166 101 
S1019R19.jpg 194 168 102 
S1019R20.jpg 158 170 105 
S1019R21.jpg 168 170 105 
S1019R22.jpg 148 166 105 
S1019R23.jpg 150 190 102 
S1019R24.jpg 152 176 101 
S1019R25.jpg 182 183 103 
S1019R26.jpg 174 180 102 
S1020L01.jpg 166 180 108 
S1020R01.jpg 164 172 108 
S1020R02.jpg 156 194 111 
S1020R03.jpg 134 180 112 
S1020R04.jpg 136 178 113 
S1020R05.jpg 138 180 110 
S1021L01.jpg 160 164 111 
S1021L02.jpg 164 166 108 
S1021L03.jpg 162 170 109 
S1021L04.jpg 158 166 112 
S1021L05.jpg 168 166 107 
S1021L06.jpg 156 166 110 
S1021R01.jpg 164 166 111 
S1021R02.jpg 166 164 112 
S1022L01.jpg 184 142 93 
S1022L02.jpg 157 199 96 
S1022L03.jpg 184 194 94 
S1022L04.jpg 160 182 98 
S1022L05.jpg 178 200 99 
S1023R01.jpg 166 154 101 
S1023R02.jpg 148 184 103 
S1023R03.jpg 132 192 105 
S1023R04.jpg 132 194 105 
S1023R05.jpg 132 194 103 
S1024R01.jpg 166 148 104 
S1024R02.jpg 176 182 100 
S1025L01.jpg 166 158 105 
S1025L02.jpg 174 168 103 
S1025L03.jpg 162 164 105 
S1025L04.jpg 176 168 103 
S1025L05.jpg 168 158 105 
S1026R01.jpg 184 164 105 
S1026R02.jpg 158 144 104 
S1026R03.jpg 184 164 105 
S1027L01.jpg 176 188 95 
S1027L02.jpg 158 200 94 
S1027L03.jpg 170 180 95 
S1027L04.jpg 156 198 94 
S1027L05.jpg 175 187 93 
S1028L01.jpg 186 154 105 
S1028L02.jpg 158 146 100 
S1028L03.jpg 172 174 106 
S1028L04.jpg 156 182 108 
S1028L05.jpg 176 176 100 
S1028L06.jpg 177 162 101 
S1028L07.jpg 176 160 102 
S1028L08.jpg 190 144 101 
S1028L09.jpg 186 134 100 
S1028L10.jpg 182 144 100 
S1028L11.jpg 169 160 97 
S1028L12.jpg 176 180 96 
S1028R01.jpg 146 140 102 
S1028R02.jpg 142 132 102 
S1028R03.jpg 152 156 100 
S1028R04.jpg 132 168 101 
S1028R05.jpg 146 154 101 
S1028R06.jpg 126 170 101 
S1028R07.jpg 146 176 101 
S1028R08.jpg 144 142 102 
S1028R09.jpg 154 144 100 
S1028R10.jpg 164 154 101 
S1029L01.jpg 200 184 110 
S1029L02.jpg 190 168 108 
S1029L03.jpg 192 182 107 
S1029L04.jpg 188 172 109 
S1029L05.jpg 190 188 107 
S1029L06.jpg 194 184 106 
S1029L07.jpg 208 174 108 
S1029L08.jpg 194 164 108 
S1029L09.jpg 168 180 111 
S1029L10.jpg 204 164 104 
S1029R01.jpg 140 172 108 
S1029R02.jpg 156 180 109 
S1029R03.jpg 158 158 107 
S1029R04.jpg 154 180 108 
S1029R05.jpg 152 164 109 
S1029R06.jpg 172 174 108 
S1029R07.jpg 168 188 110 
S1029R08.jpg 166 166 109 
S1029R09.jpg 164 162 108 
S1029R10.jpg 168 180 111 
S1030L01.jpg 162 166 116 
S1030L02.jpg 170 150 114 
S1030L03.jpg 148 166 112 
S1030L04.jpg 138 142 111 
S1030L05.jpg 166 168 114 
S1030L06.jpg 166 176 114 
S1030L07.jpg 156 162 113 
S1030L08.jpg 150 170 116 
S1030L09.jpg 158 160 111 
S1030L10.jpg 174 156 112 
S1030R01.jpg 138 154 112 
S1030R02.jpg 148 191 113 
S1030R03.jpg 124 154 111 
S1030R04.jpg 140 160 111 
S1030R05.jpg 156 160 109 
S1030R06.jpg 122 166 111 
S1030R07.jpg 128 166 114 
S1030R08.jpg 144 168 108 
S1030R09.jpg 146 186 114 
S1030R10.jpg 150 178 113 
S1031L01.jpg 184 173 97 
S1031L02.jpg 184 171 97 
S1032L01.jpg 162 186 95 
S1032L02.jpg 154 186 98 
S1032L03.jpg 156 188 98 
S1032L04.jpg 164 166 93 
S1032L05.jpg 170 184 95 
S1033L01.jpg 174 176 101 
S1033L02.jpg 180 188 100 
S1033L03.jpg 174 176 101 
S1033L04.jpg 178 186 102 
S1033L05.jpg 176 172 101 
S1034R01.jpg 176 178 101 
S1034R02.jpg 172 162 99 
S1034R03.jpg 178 182 101 
S1034R04.jpg 172 158 99 
S1034R05.jpg 178 184 103 
S1035L01.jpg 160 172 117 
S1035L02.jpg 158 180 117 
S1035L03.jpg 160 168 117 
S1035L04.jpg 166 184 115 
S1035L05.jpg 162 176 117 
S1036L01.jpg 168 188 108 
S1036L02.jpg 138 170 101 
S1036L03.jpg 158 184 104 
S1036L04.jpg 164 170 102 
S1036L05.jpg 168 180 105 
S1036L06.jpg 164 182 98 
S1036L07.jpg 168 182 99 
S1036L08.jpg 156 156 98 
S1036L09.jpg 144 166 101 
S1036L10.jpg 156 174 100 
S1036R01.jpg 176 168 104 
S1036R02.jpg 148 150 102 
S1036R03.jpg 140 164 102 
S1036R04.jpg 132 162 102 
S1036R05.jpg 158 167 101 
S1036R06.jpg 170 180 98 
S1036R07.jpg 144 166 97 
S1036R08.jpg 124 176 103 
S1036R09.jpg 124 166 100 
S1036R10.jpg 116 168 101 
S1037R01.jpg 140 137 107 
S1037R02.jpg 136 148 112 
S1037R03.jpg 139 136 106 
S1038L01.jpg 132 170 109 
S1038L02.jpg 190 170 102 
S1038L03.jpg 158 172 105 
S1038L04.jpg 196 176 100 
S1039L01.jpg 166 152 101 
S1039L02.jpg 170 158 99 
S1039L03.jpg 142 170 104 
S1039L04.jpg 164 150 101 
S1039L05.jpg 134 170 104 
S1040L01.jpg 190 184 117 
S1040L02.jpg 188 170 118 
S1040L03.jpg 192 180 119 
S1040L04.jpg 186 174 118 
S1040L05.jpg 192 182 117 
S1041L01.jpg 170 156 107 
S1041L02.jpg 154 180 105 
S1041L03.jpg 172 166 108 
S1041L04.jpg 150 182 103 
S1041L05.jpg 175 177 105 
S1042L01.jpg 164 156 102 
S1042L02.jpg 160 154 104 
S1042L03.jpg 150 164 105 
S1042L04.jpg 182 168 103 
S1042L05.jpg 156 158 102 
S1042L06.jpg 156 150 105 
S1042L07.jpg 174 144 104 
S1042L08.jpg 162 146 103 
S1042L09.jpg 156 152 102 
S1042L10.jpg 166 154 103 
S1042R01.jpg 146 151 103 
S1042R02.jpg 165 137 101 
S1042R03.jpg 156 162 102 
S1042R04.jpg 152 142 100 
S1042R05.jpg 140 162 101 
S1042R06.jpg 154 152 100 
S1042R07.jpg 150 160 102 
S1042R08.jpg 156 166 100 
S1042R09.jpg 160 157 101 
S1042R10.jpg 154 162 100 
S1043L01.jpg 158 144 108 
S1043L02.jpg 154 204 105 
S1043L03.jpg 142 162 109 
S1043L04.jpg 170 112 105 
S1043L05.jpg 172 176 102 
S1043L06.jpg 172 172 110 
S1043L07.jpg 170 172 110 
S1043L08.jpg 156 200 108 
S1043L09.jpg 136 144 108 
S1043L10.jpg 196 144 105 
S1043R01.jpg 168 172 108 
S1043R02.jpg 178 182 109 
S1043R03.jpg 172 182 108 
S1043R04.jpg 170 144 108 
S1043R05.jpg 170 164 108 
S1043R06.jpg 164 172 108 
S1043R07.jpg 166 178 109 
S1043R08.jpg 172 183 110 
S1043R09.jpg 164 152 101 
S1044L01.jpg 170 144 100 
S1044L02.jpg 147 165 97 
S1044L03.jpg 193 154 102 
S1044L04.jpg 163 147 95 
S1044L05.jpg 179 138 97 
S1044L06.jpg 172 172 97 
S1044R01.jpg 149 183 98 
S1045L01.jpg 156 184 103 
S1045L02.jpg 154 194 102 
S1045L03.jpg 160 200 106 
S1045L04.jpg 126 188 104 
S1045L05.jpg 158 182 104 
S1045L06.jpg 170 172 103 
S1045L07.jpg 194 186 102 
S1045L08.jpg 168 170 102 
S1045L09.jpg 124 186 102 
S1045L10.jpg 188 184 102 
S1045L11.jpg 176 182 101 
S1045R01.jpg 116 166 102 
S1045R02.jpg 128 172 102 
S1045R03.jpg 134 172 102 
S1045R04.jpg 128 148 104 
S1045R05.jpg 152 146 104 
S1045R06.jpg 140 182 103 
S1045R07.jpg 142 164 103 
S1045R08.jpg 124 190 102 
S1045R09.jpg 134 182 102 
S1045R10.jpg 144 174 102 
S1046R01.jpg 156 160 103 
S1046R02.jpg 168 166 103 
S1046R03.jpg 165 171 106 
S1046R04.jpg 152 154 105 
S1047L01.jpg 202 132 101 
S1047L02.jpg 186 158 105 
S1047L03.jpg 188 178 102 
S1047L04.jpg 188 170 102 
S1047L05.jpg 189 163 100 
S1047L06.jpg 190 148 101 
S1047R01.jpg 166 156 105 
S1048R01.jpg 176 122 104 
S1048R02.jpg 116 174 104 
S1048R03.jpg 122 138 103 
S1048R04.jpg 124 140 104 
S1048R05.jpg 110 182 104 
S1048R06.jpg 130 154 105 
S1049L01.jpg 154 142 105 
S1049L02.jpg 158 146 105 
S1049L03.jpg 174 152 105 
S1049L04.jpg 180 138 107 
S1049L05.jpg 186 126 96 
S1050L01.jpg 161 154 105 
S1050L02.jpg 152 140 106 
S1050L03.jpg 166 154 104 
S1050L04.jpg 155 140 103 
S1050L05.jpg 148 129 104 
S1051R01.jpg 166 166 101 
S1051R02.jpg 180 152 101 
S1051R03.jpg 160 172 101 
S1051R04.jpg 166 182 100 
S1051R05.jpg 162 170 101 
S1052L01.jpg 158 168 106 
S1052L02.jpg 172 156 105 
S1052L03.jpg 146 168 108 
S1052L04.jpg 162 148 102 
S1052L05.jpg 183 144 107 
S1053L01.jpg 162 158 101 
S1053L02.jpg 160 156 101 
S1053L03.jpg 152 144 105 
S1053L04.jpg 162 144 105 
S1053L05.jpg 150 170 105 
S1053L06.jpg 150 162 104 
S1053L07.jpg 162 144 105 
S1053L08.jpg 162 158 101 
S1053L09.jpg 162 156 101 
S1053L10.jpg 162 158 101 
S1053L11.jpg 164 148 103 
S1053L12.jpg 162 164 100 
S1053L13.jpg 162 158 102 
S1053R01.jpg 190 180 108 
S1053R02.jpg 196 166 105 
S1053R03.jpg 194 168 107 
S1053R04.jpg 178 182 107 
S1053R05.jpg 179 170 105 
S1053R06.jpg 182 168 105 
S1053R07.jpg 172 169 106 
S1053R08.jpg 180 176 107 
S1053R09.jpg 170 168 106 
S1053R10.jpg 166 176 106 
S1054L01.jpg 191 129 110 
S1054L02.jpg 182 140 114 
S1054L03.jpg 194 138 108 
S1054L04.jpg 175 145 111 
S1055L01.jpg 152 178 104 
S1055L02.jpg 150 164 106 
S1055L03.jpg 156 148 105 
S1055L04.jpg 168 152 102 
S1055L05.jpg 158 150 105 
S1056L01.jpg 181 135 108 
S1056L02.jpg 190 159 114 
S1056L03.jpg 178 168 113 
S1056L04.jpg 154 158 113 
S1056L05.jpg 185 151 113 
S1057R01.jpg 156 170 103 
S1057R02.jpg 178 168 100 
S1057R03.jpg 152 164 104 
S1057R04.jpg 148 156 104 
S1057R05.jpg 154 166 99 
S1058R01.jpg 176 150 108 
S1058R02.jpg 198 158 109 
S1058R03.jpg 150 146 109 
S1058R04.jpg 196 130 114 
S1058R05.jpg 190 164 110 
S1059L01.jpg 126 126 109 
S1059L02.jpg 144 154 110 
S1059L03.jpg 166 138 112 
S1059L04.jpg 148 142 110 
S1059L05.jpg 148 142 110 
S1060L01.jpg 136 132 99 
S1060L02.jpg 146 124 99 
S1060L03.jpg 120 134 99 
S1060L04.jpg 148 126 102 
S1060L05.jpg 130 124 102 
S1060L06.jpg 144 138 101 
S1060L07.jpg 138 108 99 
S1060L08.jpg 128 130 101 
S1060L09.jpg 150 134 103 
S1060L10.jpg 144 128 100 
S1060R01.jpg 154 138 100 
S1060R02.jpg 174 132 99 
S1060R03.jpg 144 168 98 
S1060R04.jpg 138 146 99 
S1060R05.jpg 156 152 101 
S1060R06.jpg 148 134 101 
S1060R07.jpg 154 136 96 
S1060R08.jpg 150 124 97 
S1060R09.jpg 166 120 100 
S1060R10.jpg 178 148 96 
S1061R01.jpg 136 144 108 
S1061R02.jpg 150 166 109 
S1061R03.jpg 136 132 105 
S1061R04.jpg 152 154 106 
S1061R05.jpg 144 158 106 
S1062R01.jpg 193 152 108 
S1062R02.jpg 182 152 111 
S1062R03.jpg 196 150 110 
S1062R04.jpg 190 150 110 
S1062R05.jpg 198 144 111 
S1063L01.jpg 184 144 113 
S1063L02.jpg 168 134 111 
S1063L03.jpg 171 152 108 
S1063L04.jpg 178 146 113 
S1063L05.jpg 183 156 110 
S1063L06.jpg 180 148 114 
S1063R01.jpg 194 152 110 
S1063R02.jpg 190 140 110 
S1063R03.jpg 200 120 110 
S1063R04.jpg 168 146 109 
S1063R05.jpg 190 134 109 
S1063R06.jpg 180 132 108 
S1063R07.jpg 160 144 108 
S1064L01.jpg 184 138 112 
S1064L02.jpg 188 132 116 
S1064L03.jpg 176 150 117 
S1064L04.jpg 200 134 112 
S1064L05.jpg 162 136 115 
S1064L06.jpg 174 136 115 
S1064L07.jpg 176 128 114 
S1064R01.jpg 154 132 115 
S1064R02.jpg 154 148 112 
S1064R03.jpg 148 144 114 
S1064R04.jpg 156 154 112 
S1064R05.jpg 156 144 112 
S1064R06.jpg 162 130 114 
S1064R07.jpg 158 128 114 
S1065L01.jpg 188 148 107 
S1065L02.jpg 172 150 108 
S1065L03.jpg 178 148 107 
S1065L04.jpg 180 152 108 
S1065L05.jpg 172 168 106 
S1065L06.jpg 178 172 110 
S1065L07.jpg 168 178 108 
S1065R01.jpg 192 160 109 
S1065R02.jpg 192 172 107 
S1065R03.jpg 182 168 107 
S1065R04.jpg 171 166 105 
S1065R05.jpg 174 172 109 
S1065R06.jpg 172 158 105 
S1065R07.jpg 178 168 108 
S1066L01.jpg 178 146 103 
S1066L02.jpg 174 138 104 
S1066L03.jpg 172 142 102 
S1066L04.jpg 162 124 105 
S1066L05.jpg 176 124 104 
S1066L06.jpg 168 140 104 
S1066L07.jpg 170 112 105 
S1066R01.jpg 146 154 105 
S1066R02.jpg 171 152 105 
S1066R03.jpg 164 170 106 
S1066R04.jpg 166 130 106 
S1066R05.jpg 176 142 108 
S1066R06.jpg 144 146 104 
S1066R07.jpg 140 148 104 
S1067L01.jpg 138 130 97 
S1067L02.jpg 164 160 95 
S1067L03.jpg 178 152 94 
S1067L04.jpg 166 152 97 
S1067L05.jpg 182 128 101 
S1067L06.jpg 164 146 94 
S1067L07.jpg 174 156 96 
S1067R01.jpg 152 130 103 
S1067R02.jpg 154 142 105 
S1067R03.jpg 158 136 106 
S1067R04.jpg 162 144 107 
S1067R05.jpg 172 132 104 
S1067R06.jpg 156 130 107 
S1067R07.jpg 162 138 108 
S1068L01.jpg 169 139 105 
S1068L02.jpg 176 138 106 
S1068L03.jpg 166 142 107 
S1068L04.jpg 166 134 109 
S1068L05.jpg 144 140 109 
S1068L06.jpg 138 146 107 
S1068L07.jpg 128 158 106 
S1068R01.jpg 154 162 106 
S1068R02.jpg 184 150 106 
S1068R03.jpg 186 130 107 
S1068R04.jpg 171 133 108 
S1068R05.jpg 196 150 109 
S1068R06.jpg 180 156 109 
S1069L01.jpg 160 134 111 
S1069L02.jpg 168 136 108 
S1069L03.jpg 178 142 102 
S1069L04.jpg 170 180 105 
S1069L05.jpg 190 150 107 
S1069L06.jpg 206 128 108 
S1069L07.jpg 172 130 108 
S1069R01.jpg 162 184 106 
S1069R02.jpg 178 166 109 
S1069R03.jpg 144 186 106 
S1069R04.jpg 168 166 108 
S1069R05.jpg 136 164 106 
S1069R06.jpg 178 186 105 
S1070L01.jpg 202 134 103 
S1070L02.jpg 174 140 100 
S1070L03.jpg 142 156 103 
S1070L04.jpg 146 148 102 
S1070L05.jpg 144 142 105 
S1070L06.jpg 142 152 104 
S1070L07.jpg 150 156 104 
S1070R01.jpg 172 142 97 
S1070R02.jpg 156 124 101 
S1070R03.jpg 178 128 96 
S1070R04.jpg 148 114 100 
S1070R05.jpg 148 112 100 
S1070R06.jpg 158 144 103 
S1071L01.jpg 192 152 100 
S1071L02.jpg 182 154 95 
S1071L03.jpg 194 154 95 
S1071L04.jpg 146 160 97 
S1071L05.jpg 188 150 95 
S1071L06.jpg 182 164 94 
S1071L07.jpg 176 150 92 
S1071R01.jpg 154 162 99 
S1071R02.jpg 136 168 97 
S1071R03.jpg 156 156 97 
S1071R04.jpg 148 156 96 
S1071R05.jpg 170 164 95 
S1071R06.jpg 166 142 96 
S1071R07.jpg 154 166 95 
S1072L01.jpg 178 150 101 
S1072L02.jpg 158 158 101 
S1072L03.jpg 168 158 103 
S1072L04.jpg 164 152 99 
S1072L05.jpg 160 158 101 
S1072L06.jpg 161 157 101 
S1072L07.jpg 171 158 104 
S1072R01.jpg 144 136 102 
S1072R02.jpg 160 127 98 
S1072R03.jpg 162 109 100 
S1072R04.jpg 158 140 99 
S1072R05.jpg 140 124 101 
S1072R06.jpg 177 123 99 
S1072R07.jpg 162 138 96 
S1073L01.jpg 172 132 102 
S1073L02.jpg 198 140 103 
S1073L03.jpg 164 124 102 
S1073L04.jpg 168 146 104 
S1073L05.jpg 188 116 101 
S1073L06.jpg 184 162 101 
S1073L07.jpg 178 154 101 
S1073R01.jpg 146 142 97 
S1073R02.jpg 140 138 103 
S1073R03.jpg 150 144 103 
S1073R04.jpg 152 160 100 
S1073R05.jpg 166 148 99 
S1073R06.jpg 168 146 95 
S1073R07.jpg 158 136 103 
S1074L01.jpg 166 142 112 
S1074L02.jpg 136 140 109 
S1074L03.jpg 144 122 105 
S1074L04.jpg 160 138 109 
S1074L05.jpg 158 130 109 
S1074L06.jpg 162 136 108 
S1074L07.jpg 172 144 110 
S1074R01.jpg 136 180 113 
S1074R02.jpg 134 176 110 
S1074R03.jpg 130 154 112 
S1074R04.jpg 130 158 112 
S1074R05.jpg 184 144 111 
S1074R06.jpg 171 157 109 
S1074R07.jpg 200 150 109 
S1075L01.jpg 180 157 109 
S1075L02.jpg 162 144 107 
S1075L03.jpg 161 158 107 
S1075L04.jpg 167 142 103 
S1075L05.jpg 170 154 106 
S1075L06.jpg 169 140 104 
S1075R01.jpg 180 112 100 
S1075R02.jpg 162 112 97 
S1075R03.jpg 172 132 103 
S1075R04.jpg 162 132 100 
S1075R05.jpg 146 148 100 
S1075R06.jpg 162 142 102 
S1076L01.jpg 152 142 116 
S1076L02.jpg 162 152 114 
S1076L03.jpg 170 178 115 
S1076L04.jpg 148 182 117 
S1076L05.jpg 172 164 116 
S1076L06.jpg 160 170 119 
S1076L07.jpg 156 154 115 
S1076R01.jpg 160 126 105 
S1076R02.jpg 142 148 111 
S1076R03.jpg 156 168 114 
S1076R04.jpg 156 150 115 
S1076R05.jpg 168 154 114 
S1076R06.jpg 174 158 115 
S1076R07.jpg 170 158 117 
S1077R01.jpg 148 136 112 
S1077R02.jpg 148 146 112 
S1077R03.jpg 156 136 110 
S1077R04.jpg 150 140 112 
S1077R05.jpg 166 136 109 
S1077R06.jpg 158 130 109 
S1077R07.jpg 156 132 110 
S1078L01.jpg 150 144 109 
S1078L02.jpg 150 130 109 
S1078L03.jpg 190 134 110 
S1078L04.jpg 178 140 107 
S1078L05.jpg 162 132 112 
S1078L06.jpg 146 128 106 
S1078L07.jpg 136 130 107 
S1078R01.jpg 140 154 107 
S1078R02.jpg 146 148 107 
S1078R03.jpg 146 144 108 
S1078R04.jpg 138 150 107 
S1078R05.jpg 160 134 106 
S1078R06.jpg 152 146 106 
S1078R07.jpg 154 144 105 
S1079L01.jpg 174 156 113 
S1079L02.jpg 180 152 110 
S1079L03.jpg 174 144 111 
S1079L04.jpg 166 146 112 
S1079L05.jpg 166 158 115 
S1079L06.jpg 170 148 113 
S1079L07.jpg 162 158 110 
S1079R01.jpg 132 162 110 
S1079R02.jpg 134 170 110 
S1079R03.jpg 132 166 113 
S1079R04.jpg 126 174 110 
S1079R05.jpg 126 160 110 
S1079R06.jpg 146 154 112 
S1079R07.jpg 138 168 110 
S1080L01.jpg 150 130 113 
S1080L02.jpg 166 118 110 
S1080L03.jpg 154 144 106 
S1080L04.jpg 151 117 110 
S1080L05.jpg 166 134 111 
S1080L06.jpg 171 113 108 
S1080L07.jpg 166 112 109 
S1080R01.jpg 138 108 108 
S1080R02.jpg 127 137 106 
S1080R03.jpg 144 125 105 
S1080R04.jpg 150 154 103 
S1080R05.jpg 134 131 99 
S1081L01.jpg 184 156 105 
S1081L02.jpg 162 160 104 
S1081L03.jpg 176 154 106 
S1081L04.jpg 170 160 104 
S1081L05.jpg 184 136 106 
S1081L06.jpg 166 160 103 
S1081L07.jpg 192 142 105 
S1081L08.jpg 170 162 104 
S1081L09.jpg 172 158 107 
S1081L10.jpg 176 152 104 
S1081R01.jpg 160 156 102 
S1081R02.jpg 152 170 106 
S1081R03.jpg 152 156 101 
S1081R04.jpg 160 144 104 
S1081R05.jpg 160 168 103 
S1081R06.jpg 154 164 105 
S1081R07.jpg 160 162 103 
S1081R08.jpg 148 148 103 
S1081R09.jpg 146 156 103 
S1081R10.jpg 152 172 105 
S1082L01.jpg 170 144 111 
S1082L02.jpg 186 130 109 
S1082L03.jpg 198 154 111 
S1082L04.jpg 180 160 111 
S1082L05.jpg 166 158 110 
S1082L06.jpg 174 134 110 
S1082L07.jpg 176 158 108 
S1082R01.jpg 130 132 109 
S1082R02.jpg 154 148 107 
S1082R03.jpg 146 152 109 
S1082R04.jpg 148 146 107 
S1082R05.jpg 164 144 109 
S1082R06.jpg 146 146 106 
S1082R07.jpg 152 160 108 
S1083L01.jpg 180 156 102 
S1083L02.jpg 178 136 104 
S1083L03.jpg 154 146 108 
S1083L04.jpg 172 154 108 
S1083L05.jpg 170 148 108 
S1083L06.jpg 156 154 106 
S1083L07.jpg 168 142 108 
S1083R01.jpg 170 156 109 
S1083R02.jpg 176 146 106 
S1083R03.jpg 166 142 108 
S1083R04.jpg 168 144 107 
S1083R05.jpg 156 150 109 
S1083R06.jpg 166 152 107 
S1083R07.jpg 164 144 107 
S1084L01.jpg 176 162 114 
S1084L02.jpg 178 162 115 
S1084L03.jpg 178 148 115 
S1084L04.jpg 174 154 116 
S1084L05.jpg 178 170 114 
S1084L06.jpg 178 172 114 
S1084L07.jpg 168 166 114 
S1084R01.jpg 148 166 115 
S1084R02.jpg 158 158 114 
S1084R03.jpg 164 166 113 
S1084R04.jpg 144 156 113 
S1084R05.jpg 156 166 113 
S1084R06.jpg 146 160 115 
S1084R07.jpg 146 164 113 
S1085L01.jpg 166 128 108 
S1085L02.jpg 196 128 101 
S1085L03.jpg 152 126 105 
S1085L04.jpg 148 166 115 
S1085L05.jpg 156 152 112 
S1085L06.jpg 180 120 108 
S1085L07.jpg 162 116 107 
S1085R01.jpg 162 150 105 
S1085R02.jpg 166 140 111 
S1085R03.jpg 142 174 105 
S1085R04.jpg 158 144 107 
S1085R05.jpg 156 120 106 
S1085R06.jpg 198 140 108 
S1085R07.jpg 202 158 109 
S1086L01.jpg 170 140 110 
S1086L02.jpg 158 132 113 
S1086L03.jpg 176 132 113 
S1086L04.jpg 168 138 111 
S1086L05.jpg 168 136 112 
S1086L06.jpg 138 136 109 
S1086R01.jpg 158 144 109 
S1086R02.jpg 146 139 108 
S1086R03.jpg 172 140 113 
S1086R04.jpg 178 138 114 
S1086R05.jpg 180 144 107 
S1086R06.jpg 176 148 106 
S1086R07.jpg 176 132 112 
S1087L01.jpg 194 146 94 
S1087L02.jpg 134 125 98 
S1087L03.jpg 156 160 99 
S1087L04.jpg 150 152 99 
S1087L05.jpg 206 146 98 
S1087L06.jpg 158 156 98 
S1087L07.jpg 188 166 99 
S1087R01.jpg 138 150 101 
S1087R02.jpg 174 164 101 
S1087R03.jpg 142 156 100 
S1087R04.jpg 152 158 97 
S1087R05.jpg 178 179 96 
S1087R06.jpg 174 170 97 
S1088L01.jpg 162 154 114 
S1088L02.jpg 180 156 107 
S1088L03.jpg 168 154 111 
S1088L04.jpg 176 156 109 
S1088L05.jpg 178 146 106 
S1088L06.jpg 173 154 105 
S1088L07.jpg 164 146 109 
S1088R01.jpg 138 150 108 
S1088R02.jpg 132 140 109 
S1088R03.jpg 176 162 109 
S1088R04.jpg 168 156 108 
S1088R05.jpg 166 152 107 
S1088R06.jpg 162 172 109 
S1088R07.jpg 160 161 106 
S1089L01.jpg 138 180 105 
S1089L02.jpg 162 162 108 
S1089L03.jpg 164 146 108 
S1089L04.jpg 164 160 109 
S1089L05.jpg 152 160 108 
S1089L06.jpg 170 156 110 
S1089L07.jpg 174 136 111 
S1089R01.jpg 138 166 107 
S1089R02.jpg 156 142 107 
S1089R03.jpg 166 152 109 
S1089R04.jpg 182 154 110 
S1089R05.jpg 168 146 109 
S1089R06.jpg 168 154 107 
S1089R07.jpg 158 166 109 
S1090L01.jpg 165 149 102 
S1090L02.jpg 187 153 101 
S1090L03.jpg 174 146 102 
S1090L04.jpg 192 148 105 
S1090L05.jpg 168 146 103 
S1090L06.jpg 174 166 104 
S1090L07.jpg 154 137 103 
S1090R01.jpg 156 142 102 
S1090R02.jpg 148 145 103 
S1090R03.jpg 167 136 102 
S1090R04.jpg 158 151 101 
S1090R05.jpg 155 141 104 
S1090R06.jpg 171 151 103 
S1090R07.jpg 173 165 102 
S1091L01.jpg 168 160 102 
S1091L02.jpg 158 176 103 
S1091L03.jpg 140 166 101 
S1091R01.jpg 154 168 106 
S1091R02.jpg 170 148 94 
S1091R03.jpg 154 146 104 
S1091R04.jpg 179 135 101 
S1091R05.jpg 174 160 104 
S1091R06.jpg 181 167 105 
S1092L01.jpg 184 160 104 
S1092L02.jpg 170 184 103 
S1092L03.jpg 180 168 103 
S1092L04.jpg 180 156 102 
S1092L05.jpg 164 160 104 
S1092L06.jpg 188 160 104 
S1092L07.jpg 166 180 102 
S1092L08.jpg 172 184 102 
S1092L09.jpg 170 186 103 
S1092L10.jpg 156 182 106 
S1092R01.jpg 152 152 99 
S1092R02.jpg 154 150 100 
S1092R03.jpg 146 166 101 
S1092R04.jpg 146 164 104 
S1092R05.jpg 120 164 104 
S1092R06.jpg 154 164 105 
S1092R07.jpg 134 170 102 
S1092R08.jpg 128 166 103 
S1092R09.jpg 140 176 106 
S1092R10.jpg 158 152 106 
S1093L01.jpg 142 160 103 
S1093L02.jpg 146 162 104 
S1093L03.jpg 164 151 105 
S1093L04.jpg 156 160 103 
S1093L05.jpg 160 166 105 
S1093L06.jpg 140 136 107 
S1093L07.jpg 134 164 104 
S1093L08.jpg 144 162 104 
S1093L09.jpg 146 160 107 
S1093L10.jpg 146 160 104 
S1093R01.jpg 152 154 101 
S1093R02.jpg 152 140 108 
S1093R03.jpg 122 154 102 
S1093R04.jpg 166 154 104 
S1093R05.jpg 156 160 105 
S1093R06.jpg 160 134 104 
S1093R07.jpg 166 150 106 
S1093R08.jpg 166 160 104 
S1093R09.jpg 152 184 104 
S1093R10.jpg 150 142 107 
S1094L01.jpg 164 164 112 
S1094L02.jpg 186 152 112 
S1094L03.jpg 164 146 111 
S1094L04.jpg 158 144 112 
S1094L05.jpg 177 153 109 
S1094L06.jpg 174 142 109 
S1094L07.jpg 180 146 107 
S1094R01.jpg 168 130 107 
S1094R02.jpg 150 128 106 
S1094R03.jpg 172 138 110 
S1094R04.jpg 170 118 108 
S1094R05.jpg 142 126 108 
S1094R06.jpg 158 128 108 
S1094R07.jpg 140 128 107 
S1095L01.jpg 184 156 107 
S1095L02.jpg 176 156 111 
S1095L03.jpg 210 154 107 
S1095L04.jpg 174 138 107 
S1095L05.jpg 176 142 106 
S1095L06.jpg 178 156 106 
S1095L07.jpg 158 144 109 
S1095R01.jpg 176 146 105 
S1095R02.jpg 184 138 108 
S1095R03.jpg 206 154 104 
S1095R04.jpg 182 146 107 
S1095R05.jpg 200 142 106 
S1095R06.jpg 196 138 106 
S1095R07.jpg 208 142 106 
S1096L01.jpg 182 156 103 
S1096L02.jpg 176 146 100 
S1096L03.jpg 162 162 101 
S1096L04.jpg 176 152 100 
S1096L05.jpg 172 160 101 
S1096L06.jpg 176 162 102 
S1096L07.jpg 186 172 101 
S1096R01.jpg 180 154 101 
S1096R02.jpg 194 152 102 
S1096R03.jpg 186 150 103 
S1096R04.jpg 192 160 101 
S1096R05.jpg 186 167 100 
S1096R06.jpg 186 165 99 
S1096R07.jpg 162 176 100 
S1097L01.jpg 170 136 115 
S1097L02.jpg 182 126 111 
S1097L03.jpg 184 138 115 
S1097L04.jpg 174 134 113 
S1097L05.jpg 170 148 110 
S1097L06.jpg 162 144 114 
S1097L07.jpg 164 122 115 
S1097R01.jpg 148 146 108 
S1097R02.jpg 156 144 107 
S1097R03.jpg 146 130 110 
S1097R04.jpg 156 144 112 
S1097R05.jpg 156 144 106 
S1097R06.jpg 162 148 110 
S1097R07.jpg 148 134 110 
S1098L01.jpg 166 152 110 
S1098L02.jpg 168 150 109 
S1098L03.jpg 168 164 110 
S1098L04.jpg 164 152 111 
S1098L05.jpg 178 160 111 
S1098L06.jpg 168 162 110 
S1098L07.jpg 170 150 111 
S1098R01.jpg 158 160 108 
S1098R02.jpg 164 148 106 
S1098R03.jpg 154 160 106 
S1098R04.jpg 162 150 108 
S1098R05.jpg 154 158 108 
S1098R06.jpg 168 156 106 
S1099L01.jpg 175 174 116 
S1099L02.jpg 170 175 114 
S1099L03.jpg 169 151 116 
S1099L04.jpg 164 174 111 
S1099R01.jpg 158 150 113 
S1099R02.jpg 166 151 112 
S1099R03.jpg 162 168 110 
S1099R04.jpg 176 158 108 
S1099R05.jpg 186 158 115 
S1099R06.jpg 172 162 112 
S1099R07.jpg 182 156 110 
S1100L01.jpg 164 154 116 
S1100L02.jpg 168 152 115 
S1100L03.jpg 166 148 112 
S1100L04.jpg 148 152 115 
S1100L05.jpg 160 154 112 
S1100L06.jpg 150 142 115 
S1100L07.jpg 158 154 113 
S1100R01.jpg 158 152 113 
S1100R02.jpg 152 146 116 
S1100R03.jpg 162 158 113 
S1100R04.jpg 156 150 114 
S1100R05.jpg 156 146 113 
S1100R06.jpg 162 150 110 
S1100R07.jpg 162 164 112 
S1101L01.jpg 186 150 109 
S1101L02.jpg 182 150 106 
S1101L03.jpg 174 138 108 
S1101L04.jpg 182 162 106 
S1101L05.jpg 178 150 107 
S1101L06.jpg 174 138 106 
S1101L07.jpg 164 144 105 
S1101R01.jpg 154 138 115 
S1101R02.jpg 166 128 112 
S1101R03.jpg 174 148 110 
S1101R04.jpg 176 144 111 
S1101R05.jpg 164 132 108 
S1101R06.jpg 164 156 109 
S1101R07.jpg 148 144 112 
S1102L01.jpg 182 162 109 
S1102L02.jpg 180 158 111 
S1102L03.jpg 176 136 112 
S1102L04.jpg 192 156 111 
S1102L05.jpg 180 156 112 
S1102L06.jpg 170 160 110 
S1102L07.jpg 162 154 112 
S1102R01.jpg 168 172 109 
S1102R02.jpg 180 154 110 
S1102R03.jpg 174 164 109 
S1102R04.jpg 177 154 106 
S1102R05.jpg 170 170 107 
S1102R06.jpg 144 166 109 
S1102R07.jpg 190 156 110 
S1103L01.jpg 160 146 111 
S1103L02.jpg 166 142 111 
S1103L03.jpg 176 150 107 
S1103L04.jpg 152 152 109 
S1103L05.jpg 178 132 111 
S1103L06.jpg 158 138 111 
S1103L07.jpg 182 144 111 
S1103R01.jpg 164 138 109 
S1103R02.jpg 160 136 110 
S1103R03.jpg 161 130 112 
S1103R04.jpg 170 152 112 
S1103R05.jpg 166 146 114 
S1103R06.jpg 160 148 115 
S1103R07.jpg 158 148 110 
S1104L01.jpg 176 180 103 
S1104L02.jpg 170 170 103 
S1104L03.jpg 164 156 100 
S1104L04.jpg 148 174 102 
S1104L05.jpg 184 172 103 
S1104L06.jpg 166 170 103 
S1104L07.jpg 148 162 102 
S1104L08.jpg 190 178 102 
S1104L09.jpg 164 194 103 
S1104L10.jpg 170 190 103 
S1104R01.jpg 170 176 102 
S1104R02.jpg 136 182 99 
S1104R03.jpg 134 168 100 
S1104R04.jpg 142 172 99 
S1104R05.jpg 160 174 98 
S1104R06.jpg 154 170 99 
S1104R07.jpg 136 184 100 
S1104R08.jpg 150 196 101 
S1104R09.jpg 130 168 99 
S1104R10.jpg 146 194 102 
S1105L01.jpg 176 160 102 
S1105L02.jpg 176 162 102 
S1105L03.jpg 184 164 100 
S1105L04.jpg 182 160 100 
S1105L05.jpg 190 152 99 
S1105L06.jpg 194 164 99 
S1105L07.jpg 192 152 99 
S1105R01.jpg 168 166 104 
S1105R02.jpg 158 134 101 
S1105R03.jpg 150 138 100 
S1105R04.jpg 176 154 100 
S1105R05.jpg 142 156 101 
S1105R06.jpg 168 150 101 
S1105R07.jpg 150 152 102 
S1106L01.jpg 153 129 108 
S1106L02.jpg 185 155 107 
S1106L03.jpg 178 170 108 
S1106L04.jpg 180 154 108 
S1106L05.jpg 156 144 107 
S1106L06.jpg 162 156 106 
S1106L07.jpg 176 148 105 
S1106R01.jpg 166 140 106 
S1106R02.jpg 172 136 106 
S1106R03.jpg 162 142 104 
S1106R04.jpg 154 142 107 
S1106R05.jpg 158 162 106 
S1106R06.jpg 144 140 108 
S1106R07.jpg 160 146 107 
S1107L01.jpg 172 151 107 
S1107L02.jpg 172 140 107 
S1107L03.jpg 162 158 106 
S1107L04.jpg 172 116 110 
S1107L05.jpg 170 140 103 
S1107L06.jpg 162 144 108 
S1107L07.jpg 180 160 108 
S1107R01.jpg 154 140 106 
S1107R02.jpg 146 154 103 
S1107R03.jpg 150 146 106 
S1107R04.jpg 126 150 107 
S1107R05.jpg 152 150 106 
S1107R06.jpg 162 160 109 
S1107R07.jpg 150 166 107 
S1108L01.jpg 166 130 105 
S1108L02.jpg 150 136 108 
S1108L03.jpg 168 152 101 
S1108L04.jpg 178 140 106 
S1108L05.jpg 164 140 104 
S1108L06.jpg 152 120 109 
S1108R01.jpg 180 132 109 
S1108R02.jpg 162 148 104 
S1108R03.jpg 158 156 105 
S1108R04.jpg 158 148 102 
S1108R05.jpg 176 150 104 
S1108R06.jpg 166 140 105 
S1109L01.jpg 166 133 107 
S1109L02.jpg 160 116 107 
S1109L03.jpg 182 130 107 
S1109L04.jpg 162 118 104 
S1109L05.jpg 170 148 105 
S1109L06.jpg 173 121 104 
S1109R01.jpg 177 155 111 
S1109R02.jpg 190 126 112 
S1109R03.jpg 184 133 112 
S1109R04.jpg 168 131 112 
S1109R05.jpg 188 122 111 
S1109R06.jpg 174 128 112 
S1109R07.jpg 172 130 109 
S1110L01.jpg 178 156 97 
S1110L02.jpg 172 164 96 
S1110L03.jpg 152 168 94 
S1110L04.jpg 160 180 96 
S1110L05.jpg 176 178 95 
S1110L06.jpg 140 162 93 
S1110L07.jpg 138 166 93 
S1110R01.jpg 188 130 95 
S1110R02.jpg 170 142 91 
S1110R03.jpg 152 136 92 
S1110R04.jpg 146 134 95 
S1110R05.jpg 132 142 93 
S1110R06.jpg 148 138 93 
S1110R07.jpg 146 150 92 
S1111L01.jpg 160 130 97 
S1111L02.jpg 178 126 96 
S1111L03.jpg 168 136 90 
S1111L04.jpg 166 130 88 
S1111L05.jpg 170 138 96 
S1111L06.jpg 182 114 94 
S1111L07.jpg 154 126 94 
S1111R01.jpg 162 140 102 
S1111R02.jpg 146 144 101 
S1111R03.jpg 158 142 100 
S1111R04.jpg 148 116 99 
S1111R05.jpg 150 130 98 
S1111R06.jpg 140 122 97 
S1111R07.jpg 150 134 97 
S1112L01.jpg 190 148 103 
S1112L02.jpg 200 130 106 
S1112L03.jpg 198 120 107 
S1112L04.jpg 192 120 103 
S1112L05.jpg 188 122 106 
S1112L06.jpg 198 122 104 
S1112L07.jpg 192 120 104 
S1112R01.jpg 140 154 108 
S1112R02.jpg 150 132 104 
S1112R03.jpg 144 146 102 
S1112R04.jpg 180 154 105 
S1112R05.jpg 192 132 105 
S1112R06.jpg 194 132 104 
S1112R07.jpg 199 123 106 
S1113L01.jpg 146 132 111 
S1113L02.jpg 186 156 102 
S1113L03.jpg 180 138 105 
S1113L04.jpg 171 115 110 
S1113L05.jpg 154 142 112 
S1113L06.jpg 164 146 112 
S1113L07.jpg 196 142 109 
S1113R01.jpg 174 134 111 
S1113R02.jpg 154 140 109 
S1113R03.jpg 180 148 107 
S1113R04.jpg 178 138 109 
S1113R05.jpg 158 132 107 
S1113R06.jpg 160 140 110 
S1113R07.jpg 162 146 110 
S1114L01.jpg 178 138 105 
S1114L02.jpg 176 132 105 
S1114L03.jpg 164 144 106 
S1114L04.jpg 180 148 104 
S1114L05.jpg 156 138 103 
S1114L06.jpg 178 152 105 
S1114L07.jpg 170 134 102 
S1114R01.jpg 148 142 92 
S1114R02.jpg 154 134 102 
S1114R03.jpg 142 120 99 
S1114R04.jpg 167 138 101 
S1114R05.jpg 164 157 104 
S1114R06.jpg 135 149 101 
S1114R07.jpg 153 143 105 
S1115L01.jpg 158 142 104 
S1115L02.jpg 172 156 109 
S1115L03.jpg 176 156 104 
S1115L04.jpg 156 156 100 
S1115L05.jpg 170 152 107 
S1115L06.jpg 190 125 107 
S1115L07.jpg 138 154 105 
S1115L08.jpg 156 152 106 
S1115L09.jpg 151 146 108 
S1115L10.jpg 168 156 107 
S1115R01.jpg 164 132 108 
S1115R02.jpg 132 156 104 
S1115R03.jpg 148 142 109 
S1115R04.jpg 162 154 108 
S1115R05.jpg 154 156 110 
S1115R06.jpg 158 154 107 
S1115R07.jpg 142 156 107 
S1115R08.jpg 158 154 102 
S1115R09.jpg 154 160 108 
S1115R10.jpg 122 148 105 
S1116L01.jpg 150 162 96 
S1116L02.jpg 170 172 92 
S1116L03.jpg 182 160 93 
S1116L04.jpg 156 166 94 
S1116L05.jpg 174 170 94 
S1116L06.jpg 180 156 95 
S1116L07.jpg 184 160 94 
S1116R01.jpg 124 156 89 
S1116R02.jpg 142 180 94 
S1116R03.jpg 145 159 91 
S1116R04.jpg 150 182 88 
S1116R05.jpg 164 150 85 
S1116R06.jpg 150 166 94 
S1116R07.jpg 136 184 93 
S1117L01.jpg 132 142 103 
S1117L02.jpg 162 138 106 
S1117L03.jpg 156 160 101 
S1117L04.jpg 162 150 102 
S1117L05.jpg 168 136 100 
S1117L06.jpg 164 134 100 
S1117L07.jpg 170 138 101 
S1117R01.jpg 170 130 100 
S1117R02.jpg 176 148 100 
S1117R03.jpg 170 142 101 
S1117R04.jpg 184 136 101 
S1117R05.jpg 190 130 100 
S1117R06.jpg 173 128 99 
S1117R07.jpg 176 130 99 
S1118L01.jpg 172 122 109 
S1118L02.jpg 162 136 106 
S1118L03.jpg 182 134 108 
S1118L04.jpg 176 142 109 
S1118L05.jpg 176 145 108 
S1118L06.jpg 180 130 110 
S1118L07.jpg 174 120 110 
S1118R01.jpg 140 136 107 
S1118R02.jpg 148 132 106 
S1118R03.jpg 160 132 108 
S1118R04.jpg 160 113 106 
S1118R05.jpg 158 132 110 
S1118R06.jpg 170 108 102 
S1118R07.jpg 160 118 107 
S1119L01.jpg 186 148 104 
S1119L02.jpg 184 156 101 
S1119L03.jpg 178 158 100 
S1119L04.jpg 172 180 106 
S1119L05.jpg 186 178 104 
S1119L06.jpg 184 184 107 
S1119L07.jpg 184 176 106 
S1119R01.jpg 161 169 100 
S1119R02.jpg 153 172 98 
S1119R03.jpg 154 160 99 
S1119R04.jpg 161 168 99 
S1119R05.jpg 145 164 98 
S1119R06.jpg 151 174 96 
S1119R07.jpg 147 163 97 
S1120L01.jpg 150 152 112 
S1120L02.jpg 150 146 113 
S1120L03.jpg 150 164 111 
S1120L04.jpg 164 162 109 
S1120L05.jpg 158 156 112 
S1120L06.jpg 158 156 113 
S1120L07.jpg 174 148 111 
S1120R01.jpg 178 141 106 
S1120R02.jpg 182 148 108 
S1120R03.jpg 172 137 107 
S1120R04.jpg 174 148 108 
S1120R05.jpg 176 144 107 
S1120R06.jpg 172 140 106 
S1120R07.jpg 172 154 108 
S1121L01.jpg 148 136 100 
S1121L02.jpg 192 140 98 
S1121L03.jpg 170 139 97 
S1121L04.jpg 194 132 91 
S1121L05.jpg 158 142 94 
S1121L06.jpg 168 136 93 
S1121L07.jpg 156 138 94 
S1121R01.jpg 158 168 102 
S1121R02.jpg 156 154 103 
S1121R03.jpg 152 136 102 
S1121R04.jpg 154 166 102 
S1121R05.jpg 152 142 99 
S1121R06.jpg 146 148 104 
S1122L01.jpg 190 140 109 
S1122L02.jpg 170 155 107 
S1122L03.jpg 182 144 109 
S1122L04.jpg 154 162 109 
S1122L05.jpg 182 132 107 
S1122L06.jpg 146 154 109 
S1122L07.jpg 182 148 108 
S1122R01.jpg 126 154 110 
S1122R02.jpg 132 130 107 
S1122R03.jpg 136 152 111 
S1122R04.jpg 150 148 110 
S1122R05.jpg 144 144 97 
S1122R06.jpg 140 132 109 
S1122R07.jpg 140 150 107 
S1123L01.jpg 166 150 101 
S1123L02.jpg 174 136 99 
S1123L03.jpg 160 136 99 
S1123L04.jpg 162 140 100 
S1123L05.jpg 182 138 97 
S1123L06.jpg 166 140 97 
S1123L07.jpg 144 126 99 
S1123R01.jpg 162 130 98 
S1123R02.jpg 174 140 95 
S1123R03.jpg 160 128 94 
S1123R04.jpg 164 136 93 
S1123R05.jpg 170 136 97 
S1123R06.jpg 168 138 97 
S1123R07.jpg 156 132 97 
S1124L01.jpg 196 138 108 
S1124L02.jpg 174 146 110 
S1124L03.jpg 156 150 110 
S1124L04.jpg 154 148 110 
S1124L05.jpg 148 150 110 
S1124L06.jpg 152 152 109 
S1124L07.jpg 148 152 109 
S1124R01.jpg 166 146 112 
S1124R02.jpg 148 140 109 
S1124R03.jpg 148 140 108 
S1124R04.jpg 164 142 109 
S1124R05.jpg 156 146 110 
S1124R06.jpg 152 164 110 
S1124R07.jpg 134 166 109 
S1125L01.jpg 180 144 105 
S1125L02.jpg 178 165 105 
S1125L03.jpg 134 150 108 
S1125L04.jpg 146 154 102 
S1125L05.jpg 142 178 108 
S1125L06.jpg 158 148 104 
S1125L07.jpg 155 147 106 
S1125L08.jpg 186 136 108 
S1125L09.jpg 173 174 108 
S1125L10.jpg 172 144 106 
S1125R01.jpg 134 152 107 
S1125R02.jpg 150 144 105 
S1125R03.jpg 113 144 101 
S1125R04.jpg 148 148 105 
S1125R05.jpg 152 156 105 
S1125R06.jpg 138 166 103 
S1125R07.jpg 173 156 108 
S1125R08.jpg 164 158 105 
S1125R09.jpg 152 139 107 
S1125R10.jpg 152 154 106 
S1126L01.jpg 184 144 104 
S1126L02.jpg 152 144 105 
S1126L03.jpg 144 136 101 
S1126L04.jpg 145 137 102 
S1126L05.jpg 168 140 101 
S1126L06.jpg 158 152 104 
S1126L07.jpg 174 152 104 
S1126R01.jpg 142 150 105 
S1126R02.jpg 138 160 104 
S1126R03.jpg 152 146 103 
S1126R04.jpg 163 126 101 
S1126R05.jpg 154 144 102 
S1126R06.jpg 156 140 100 
S1126R07.jpg 152 134 99 
S1127L01.jpg 170 146 104 
S1127L02.jpg 140 150 106 
S1127L03.jpg 166 150 103 
S1127L04.jpg 166 140 105 
S1127L05.jpg 137 146 105 
S1127L06.jpg 146 160 105 
S1127R01.jpg 178 114 109 
S1127R02.jpg 180 132 107 
S1127R03.jpg 158 132 107 
S1127R04.jpg 164 134 108 
S1127R05.jpg 162 140 105 
S1127R06.jpg 162 126 107 
S1127R07.jpg 152 140 108 
S1128L01.jpg 130 160 116 
S1128L02.jpg 162 168 116 
S1128L03.jpg 164 156 117 
S1128L04.jpg 170 144 115 
S1128L05.jpg 166 152 116 
S1128L06.jpg 172 150 112 
S1128L07.jpg 166 146 113 
S1128R01.jpg 206 106 102 
S1128R02.jpg 194 116 104 
S1128R03.jpg 174 132 112 
S1128R04.jpg 168 150 114 
S1128R05.jpg 144 144 114 
S1129L01.jpg 162 160 103 
S1129L02.jpg 200 164 103 
S1129L03.jpg 154 168 105 
S1129L04.jpg 178 156 104 
S1129L05.jpg 184 148 104 
S1129L06.jpg 174 122 104 
S1129L07.jpg 182 148 103 
S1129R01.jpg 138 148 103 
S1129R02.jpg 154 148 106 
S1129R03.jpg 160 146 106 
S1129R04.jpg 148 132 101 
S1129R05.jpg 140 166 105 
S1129R06.jpg 143 174 104 
S1129R07.jpg 150 148 105 
S1130L01.jpg 166 126 113 
S1130L02.jpg 162 136 112 
S1130L03.jpg 158 132 111 
S1130L04.jpg 160 140 113 
S1130L05.jpg 170 146 109 
S1130L06.jpg 164 144 107 
S1130L07.jpg 172 164 109 
S1130R01.jpg 116 116 112 
S1130R02.jpg 132 144 107 
S1130R03.jpg 122 134 110 
S1130R04.jpg 120 144 107 
S1130R05.jpg 142 138 107 
S1130R06.jpg 150 144 107 
S1130R07.jpg 148 136 107 
S1131L01.jpg 172 136 110 
S1131L02.jpg 176 130 109 
S1131L03.jpg 154 124 108 
S1131L04.jpg 154 124 107 
S1131L05.jpg 168 114 107 
S1131L06.jpg 172 112 107 
S1131L07.jpg 176 114 106 
S1131R01.jpg 148 154 110 
S1131R02.jpg 148 142 109 
S1131R03.jpg 154 128 107 
S1131R04.jpg 168 144 111 
S1131R05.jpg 176 132 107 
S1132L01.jpg 186 122 102 
S1132L02.jpg 170 122 104 
S1132L03.jpg 174 134 106 
S1132L04.jpg 158 132 103 
S1132L05.jpg 168 132 101 
S1132L06.jpg 146 166 101 
S1132L07.jpg 158 154 100 
S1132R01.jpg 153 154 99 
S1132R02.jpg 170 148 104 
S1132R03.jpg 166 144 101 
S1132R04.jpg 170 146 102 
S1132R05.jpg 170 128 101 
S1132R06.jpg 180 130 99 
S1132R07.jpg 170 156 103 
S1133L01.jpg 192 126 97 
S1133L02.jpg 196 134 95 
S1133L03.jpg 210 138 98 
S1133L04.jpg 206 134 97 
S1133L05.jpg 188 144 95 
S1133L06.jpg 204 140 95 
S1133R01.jpg 160 140 91 
S1133R02.jpg 126 144 99 
S1133R03.jpg 140 138 94 
S1133R04.jpg 158 118 102 
S1133R05.jpg 148 124 95 
S1133R06.jpg 162 132 97 
S1133R07.jpg 166 136 100 
S1134L01.jpg 178 140 112 
S1134L02.jpg 168 168 107 
S1134L03.jpg 174 150 110 
S1134L04.jpg 169 173 109 
S1134L05.jpg 176 152 111 
S1134L06.jpg 171 155 108 
S1134L07.jpg 172 178 112 
S1134R01.jpg 134 146 111 
S1134R02.jpg 168 128 114 
S1134R03.jpg 146 152 114 
S1134R04.jpg 160 120 115 
S1134R05.jpg 162 146 108 
S1134R06.jpg 160 128 110 
S1134R07.jpg 160 150 108 
S1135L01.jpg 166 150 110 
S1135L02.jpg 178 144 111 
S1135L03.jpg 148 138 109 
S1135L04.jpg 172 128 110 
S1135L05.jpg 138 160 113 
S1135L06.jpg 150 186 108 
S1135L07.jpg 158 156 111 
S1135R01.jpg 146 118 108 
S1135R02.jpg 142 128 104 
S1135R03.jpg 146 114 104 
S1135R04.jpg 142 128 106 
S1135R05.jpg 132 134 104 
S1135R06.jpg 163 124 105 
S1135R07.jpg 152 138 107 
S1136L01.jpg 172 152 110 
S1136L02.jpg 176 152 108 
S1136L03.jpg 178 146 110 
S1136L04.jpg 166 158 113 
S1136L05.jpg 174 162 110 
S1136L06.jpg 168 164 109 
S1136L07.jpg 156 150 110 
S1136L08.jpg 168 162 110 
S1136L09.jpg 182 164 107 
S1136L10.jpg 162 156 110 
S1136R01.jpg 158 140 111 
S1136R02.jpg 166 144 112 
S1136R03.jpg 178 148 112 
S1136R04.jpg 162 142 111 
S1136R05.jpg 174 150 109 
S1136R06.jpg 180 148 113 
S1136R07.jpg 154 136 113 
S1136R08.jpg 161 139 111 
S1136R09.jpg 154 134 110 
S1136R10.jpg 144 124 114 
S1137L01.jpg 166 160 112 
S1137L02.jpg 180 164 110 
S1137L03.jpg 170 166 107 
S1137L04.jpg 180 178 107 
S1137L05.jpg 162 158 108 
S1137L06.jpg 202 158 113 
S1137L07.jpg 194 180 108 
S1137R01.jpg 158 180 107 
S1137R02.jpg 166 178 105 
S1137R03.jpg 164 184 105 
S1137R04.jpg 164 166 110 
S1137R05.jpg 156 168 110 
S1137R06.jpg 150 166 104 
S1137R07.jpg 158 170 103 
S1138L01.jpg 166 146 101 
S1138L02.jpg 162 148 103 
S1138L03.jpg 164 156 102 
S1138L04.jpg 168 152 102 
S1138L05.jpg 166 154 104 
S1138L06.jpg 180 136 103 
S1138L07.jpg 174 144 103 
S1138R01.jpg 132 130 104 
S1138R02.jpg 158 136 107 
S1138R03.jpg 162 140 106 
S1138R04.jpg 154 158 103 
S1138R05.jpg 154 150 105 
S1138R06.jpg 142 164 104 
S1138R07.jpg 154 150 106 
S1139L01.jpg 204 138 106 
S1139L02.jpg 200 142 108 
S1139L03.jpg 208 134 108 
S1139L04.jpg 204 152 106 
S1139L05.jpg 210 134 106 
S1139L06.jpg 208 128 107 
S1139R01.jpg 129 138 103 
S1139R02.jpg 154 126 102 
S1139R03.jpg 160 126 106 
S1139R04.jpg 141 145 108 
S1139R05.jpg 140 130 105 
S1139R06.jpg 156 164 106 
S1139R07.jpg 138 158 106 
S1140L01.jpg 172 170 112 
S1140L02.jpg 172 126 116 
S1140L03.jpg 178 158 112 
S1140L04.jpg 192 138 117 
S1140L05.jpg 194 148 115 
S1140L06.jpg 186 150 110 
S1140L07.jpg 174 154 112 
S1140R01.jpg 150 144 117 
S1140R02.jpg 156 134 118 
S1140R03.jpg 158 132 113 
S1140R04.jpg 178 136 114 
S1140R05.jpg 184 136 107 
S1140R06.jpg 152 140 113 
S1140R07.jpg 162 140 116 
S1141L01.jpg 198 157 105 
S1141L02.jpg 180 154 114 
S1141L03.jpg 171 158 108 
S1141L04.jpg 163 176 106 
S1141L05.jpg 164 164 109 
S1141L06.jpg 157 158 109 
S1141R01.jpg 138 168 112 
S1141R02.jpg 142 166 107 
S1141R03.jpg 138 164 109 
S1141R04.jpg 148 152 109 
S1141R05.jpg 151 134 109 
S1141R06.jpg 154 170 108 
S1142L01.jpg 192 170 104 
S1142L02.jpg 174 172 102 
S1142L03.jpg 196 128 99 
S1142L04.jpg 184 170 105 
S1142L05.jpg 162 176 100 
S1142L06.jpg 208 172 100 
S1142L07.jpg 178 154 102 
S1142R01.jpg 146 126 105 
S1142R02.jpg 174 132 102 
S1142R03.jpg 144 130 100 
S1142R04.jpg 180 144 102 
S1142R05.jpg 164 146 101 
S1142R06.jpg 172 158 101 
S1142R07.jpg 164 114 104 
S1143L01.jpg 163 142 102 
S1143L02.jpg 166 141 101 
S1143L03.jpg 162 140 103 
S1143L04.jpg 188 148 101 
S1143L05.jpg 186 139 101 
S1143L06.jpg 159 150 102 
S1143L07.jpg 186 151 102 
S1143R01.jpg 177 136 99 
S1143R02.jpg 170 139 98 
S1143R03.jpg 172 130 100 
S1143R04.jpg 182 130 98 
S1143R05.jpg 174 147 105 
S1143R06.jpg 178 144 103 
S1143R07.jpg 150 134 102 
S1144L01.jpg 148 132 113 
S1144L02.jpg 166 138 110 
S1144L03.jpg 170 162 105 
S1144L04.jpg 174 152 104 
S1144L05.jpg 172 154 103 
S1144L06.jpg 172 152 102 
S1144L07.jpg 172 148 103 
S1144R01.jpg 138 136 111 
S1144R02.jpg 142 140 111 
S1144R03.jpg 157 140 110 
S1144R04.jpg 140 164 112 
S1144R05.jpg 160 126 116 
S1144R06.jpg 168 142 110 
S1144R07.jpg 144 144 111 
S1145L01.jpg 168 162 115 
S1145L02.jpg 184 166 114 
S1145L03.jpg 182 164 112 
S1145L04.jpg 174 154 115 
S1145L05.jpg 172 162 114 
S1145L06.jpg 168 150 112 
S1145L07.jpg 167 171 112 
S1145R01.jpg 138 126 110 
S1145R02.jpg 166 148 109 
S1145R03.jpg 157 140 108 
S1145R04.jpg 161 150 108 
S1145R05.jpg 170 122 110 
S1145R06.jpg 158 156 111 
S1145R07.jpg 158 153 108 
S1146L01.jpg 177 157 100 
S1146L02.jpg 182 156 102 
S1146L03.jpg 174 155 100 
S1146L04.jpg 174 162 102 
S1146L05.jpg 184 162 103 
S1146L06.jpg 174 168 101 
S1146L07.jpg 170 158 101 
S1146R01.jpg 157 149 104 
S1146R02.jpg 158 136 111 
S1146R03.jpg 174 131 103 
S1146R04.jpg 164 120 108 
S1146R05.jpg 168 118 111 
S1146R06.jpg 166 130 111 
S1146R07.jpg 152 150 100 
S1147R01.jpg 180 158 107 
S1147R02.jpg 182 172 104 
S1147R03.jpg 158 162 105 
S1147R04.jpg 166 168 108 
S1147R05.jpg 146 166 106 
S1148L01.jpg 176 164 116 
S1148L02.jpg 176 162 118 
S1148L03.jpg 178 156 118 
S1148L04.jpg 190 158 115 
S1148L05.jpg 174 148 120 
S1148L06.jpg 182 146 115 
S1148L07.jpg 174 146 116 
S1148R01.jpg 152 150 117 
S1148R02.jpg 159 153 114 
S1148R03.jpg 148 139 114 
S1148R04.jpg 161 138 114 
S1148R05.jpg 150 133 113 
S1148R06.jpg 158 148 112 
S1148R07.jpg 164 151 114 
S1149L01.jpg 178 168 97 
S1149L02.jpg 178 156 100 
S1149L03.jpg 182 156 97 
S1149L04.jpg 175 134 93 
S1149L05.jpg 176 152 97 
S1149L06.jpg 170 142 93 
S1149L07.jpg 170 148 96 
S1149R01.jpg 144 126 102 
S1149R02.jpg 168 148 101 
S1149R03.jpg 154 174 101 
S1149R04.jpg 146 150 101 
S1149R05.jpg 118 150 104 
S1149R06.jpg 123 143 99 
S1149R07.jpg 139 148 98 
S1150L01.jpg 118 120 105 
S1150L02.jpg 124 117 104 
S1150L03.jpg 130 132 99 
S1150L04.jpg 128 128 103 
S1150L05.jpg 132 130 104 
S1151L01.jpg 162 126 97 
S1152L01.jpg 172 132 97 
S1152L02.jpg 166 140 100 
S1152L03.jpg 146 151 103 
S1152L04.jpg 142 138 105 
S1152L05.jpg 170 172 106 
S1153L01.jpg 184 108 100 
S1153L02.jpg 166 110 94 
S1153L03.jpg 150 94 93 
S1153L04.jpg 182 106 97 
S1153L05.jpg 158 82 96 
S1154L01.jpg 156 122 93 
S1154L02.jpg 150 118 92 
S1154L03.jpg 144 112 82 
S1154L04.jpg 150 112 84 
S1154L05.jpg 154 116 85 
S1155L01.jpg 134 106 103 
S1155L02.jpg 172 92 94 
S1155L03.jpg 154 108 90 
S1156L01.jpg 176 152 92 
S1156L02.jpg 162 130 95 
S1156L03.jpg 168 154 92 
S1156L04.jpg 172 162 94 
S1156L05.jpg 154 150 93 
S1156L06.jpg 182 140 96 
S1156L07.jpg 150 160 103 
S1156L08.jpg 134 128 103 
S1156L09.jpg 146 124 101 
S1156R01.jpg 148 158 95 
S1156R02.jpg 158 136 93 
S1156R03.jpg 132 144 95 
S1156R04.jpg 140 124 96 
S1156R05.jpg 120 154 101 
S1157R01.jpg 128 138 106 
S1157R02.jpg 150 128 103 
S1157R03.jpg 144 136 103 
S1157R04.jpg 176 146 103 
S1157R05.jpg 144 150 106 
S1157R06.jpg 120 130 106 
S1157R07.jpg 139 120 102 
S1157R08.jpg 148 132 104 
S1157R09.jpg 180 129 97 
S1157R10.jpg 132 120 100 
S1158R01.jpg 166 172 108 
S1158R02.jpg 166 138 106 
S1158R03.jpg 180 166 106 
S1158R04.jpg 160 156 107 
S1158R05.jpg 164 154 108 
S1159L01.jpg 146 148 110 
S1159L02.jpg 134 128 100 
S1159L03.jpg 154 158 115 
S1159L04.jpg 144 134 111 
S1159L05.jpg 134 142 109 
S1159L06.jpg 148 122 113 
S1159L07.jpg 138 144 107 
S1159L08.jpg 150 124 104 
S1159L09.jpg 156 118 103 
S1159L10.jpg 152 108 106 
S1159R01.jpg 140 130 111 
S1159R02.jpg 162 136 104 
S1159R03.jpg 162 116 110 
S1159R04.jpg 158 130 108 
S1159R05.jpg 170 148 103 
S1159R06.jpg 142 142 110 
S1159R07.jpg 164 134 102 
S1159R08.jpg 126 118 114 
S1159R09.jpg 146 128 109 
S1160L01.jpg 136 132 94 
S1160L02.jpg 141 128 104 
S1160L03.jpg 160 154 93 
S1160L04.jpg 162 140 97 
S1160L05.jpg 150 146 99 
S1160L06.jpg 167 145 94 
S1160L07.jpg 166 144 101 
S1160L08.jpg 152 138 106 
S1160L09.jpg 162 138 106 
S1160L10.jpg 147 142 104 
S1160R01.jpg 150 134 100 
S1160R02.jpg 144 162 102 
S1160R03.jpg 150 156 101 
S1160R04.jpg 130 148 101 
S1160R05.jpg 136 144 101 
S1160R06.jpg 154 150 101 
S1160R07.jpg 142 152 102 
S1161L01.jpg 177 152 94 
S1161L02.jpg 141 142 97 
S1161L03.jpg 130 148 92 
S1161L04.jpg 152 142 92 
S1161L05.jpg 124 138 98 
S1161L06.jpg 132 154 93 
S1161L07.jpg 154 150 93 
S1161L08.jpg 128 158 96 
S1161L09.jpg 138 148 94 
S1161L10.jpg 138 125 95 
S1161R01.jpg 148 156 101 
S1161R02.jpg 164 140 97 
S1161R03.jpg 178 144 92 
S1161R04.jpg 135 166 92 
S1161R05.jpg 138 164 93 
S1161R06.jpg 156 164 94 
S1161R07.jpg 139 139 96 
S1161R08.jpg 162 154 90 
S1161R09.jpg 154 152 94 
S1161R10.jpg 153 138 95 
S1162L01.jpg 182 140 99 
S1162L02.jpg 164 166 103 
S1162L03.jpg 152 162 101 
S1162L04.jpg 158 158 101 
S1162L05.jpg 148 144 103 
S1162L06.jpg 146 134 105 
S1162L07.jpg 166 142 103 
S1162L08.jpg 142 154 102 
S1162L09.jpg 150 138 100 
S1162L10.jpg 144 172 99 
S1162R01.jpg 138 146 103 
S1162R02.jpg 139 168 102 
S1162R03.jpg 124 178 108 
S1162R04.jpg 180 150 107 
S1162R05.jpg 138 146 103 
S1162R06.jpg 146 180 103 
S1162R07.jpg 124 156 101 
S1162R08.jpg 140 168 102 
S1162R09.jpg 172 186 100 
S1162R10.jpg 164 162 95 
S1163L01.jpg 138 140 99 
S1163L02.jpg 168 126 95 
S1163L03.jpg 154 126 97 
S1163L04.jpg 152 146 92 
S1163L05.jpg 160 138 91 
S1163L06.jpg 146 146 104 
S1163R01.jpg 156 124 91 
S1163R02.jpg 144 128 88 
S1163R03.jpg 169 122 96 
S1163R04.jpg 164 140 100 
S1164L01.jpg 126 136 104 
S1164L02.jpg 136 140 103 
S1164L03.jpg 154 124 103 
S1164L04.jpg 132 146 104 
S1164L05.jpg 146 146 102 
S1164R01.jpg 170 152 104 
S1164R02.jpg 152 122 107 
S1164R03.jpg 160 156 102 
S1164R04.jpg 148 126 102 
S1164R05.jpg 156 134 102 
S1165L01.jpg 170 158 100 
S1165L02.jpg 143 119 101 
S1165L03.jpg 158 146 96 
S1165L04.jpg 148 130 95 
S1165L05.jpg 163 145 95 
S1165L06.jpg 166 160 98 
S1165L07.jpg 158 141 98 
S1165L08.jpg 151 138 97 
S1165L09.jpg 147 146 101 
S1165R01.jpg 180 146 97 
S1165R02.jpg 138 132 101 
S1165R03.jpg 166 152 94 
S1165R04.jpg 172 156 95 
S1165R05.jpg 146 148 98 
S1165R06.jpg 172 138 96 
S1165R07.jpg 148 145 97 
S1165R08.jpg 144 134 99 
S1165R09.jpg 150 132 97 
S1166L01.jpg 156 144 93 
S1166L02.jpg 156 142 92 
S1166L03.jpg 160 112 99 
S1166L04.jpg 152 130 106 
S1166L05.jpg 168 138 97 
S1166L06.jpg 144 120 100 
S1166L07.jpg 174 130 99 
S1166R01.jpg 176 156 100 
S1166R02.jpg 154 140 98 
S1166R03.jpg 172 148 107 
S1166R04.jpg 186 138 100 
S1166R05.jpg 138 138 98 
S1166R06.jpg 174 152 98 
S1167L01.jpg 177 160 92 
S1167L02.jpg 177 184 97 
S1167L03.jpg 166 156 94 
S1167L04.jpg 169 167 97 
S1167L05.jpg 165 171 96 
S1167L06.jpg 171 164 96 
S1167L07.jpg 160 178 94 
S1167L08.jpg 147 161 97 
S1167L09.jpg 168 163 99 
S1167L10.jpg 147 174 98 
S1167R01.jpg 168 142 95 
S1167R02.jpg 118 154 92 
S1167R03.jpg 120 182 94 
S1167R04.jpg 138 156 93 
S1167R05.jpg 154 162 95 
S1167R06.jpg 133 140 93 
S1167R07.jpg 138 154 94 
S1167R08.jpg 118 160 87 
S1167R09.jpg 130 164 91 
S1167R10.jpg 138 164 89 
S1168L01.jpg 128 176 105 
S1168L02.jpg 171 146 96 
S1168L03.jpg 136 158 105 
S1168L04.jpg 136 162 103 
S1168L05.jpg 184 162 105 
S1168L06.jpg 174 150 101 
S1168L07.jpg 150 172 103 
S1168L08.jpg 138 174 103 
S1168L09.jpg 154 152 103 
S1168L10.jpg 156 158 103 
S1168R01.jpg 154 148 99 
S1168R02.jpg 186 168 97 
S1168R03.jpg 150 146 99 
S1168R04.jpg 142 154 97 
S1168R05.jpg 152 148 97 
S1168R06.jpg 148 158 97 
S1168R07.jpg 154 156 101 
S1168R08.jpg 182 174 101 
S1168R09.jpg 166 170 99 
S1168R10.jpg 150 168 100 
S1169L01.jpg 146 146 103 
S1169L02.jpg 147 144 104 
S1169L03.jpg 164 148 106 
S1169L04.jpg 166 154 102 
S1169L05.jpg 163 145 100 
S1169L06.jpg 160 156 107 
S1169L07.jpg 146 164 106 
S1169L08.jpg 158 164 104 
S1169L09.jpg 154 156 106 
S1169L10.jpg 140 150 103 
S1169R01.jpg 144 162 108 
S1169R02.jpg 126 182 107 
S1169R03.jpg 160 162 106 
S1169R04.jpg 144 156 108 
S1169R05.jpg 126 170 109 
S1169R06.jpg 150 166 105 
S1169R07.jpg 168 156 104 
S1169R08.jpg 140 166 110 
S1169R09.jpg 158 166 107 
S1169R10.jpg 166 160 109 
S1170L01.jpg 163 150 93 
S1170L02.jpg 170 154 102 
S1170L03.jpg 162 154 93 
S1170L04.jpg 142 164 101 
S1170L05.jpg 142 132 105 
S1170L06.jpg 166 144 100 
S1170L07.jpg 156 130 101 
S1170L08.jpg 137 159 100 
S1170R01.jpg 136 138 101 
S1170R02.jpg 155 172 102 
S1170R03.jpg 150 148 99 
S1170R04.jpg 160 139 96 
S1170R05.jpg 150 149 95 
S1170R06.jpg 170 158 100 
S1170R07.jpg 140 158 100 
S1171L01.jpg 126 196 105 
S1171L02.jpg 128 192 105 
S1171L03.jpg 132 188 106 
S1171L04.jpg 124 186 106 
S1171L05.jpg 126 188 103 
S1172L01.jpg 166 176 105 
S1172L02.jpg 164 174 105 
S1172L03.jpg 180 176 106 
S1172L04.jpg 178 174 106 
S1172L05.jpg 180 176 103 
S1172L06.jpg 174 176 106 
S1172L07.jpg 174 174 103 
S1172L08.jpg 190 174 104 
S1173R01.jpg 170 144 113 
S1173R02.jpg 170 144 113 
S1173R03.jpg 168 142 114 
S1173R04.jpg 170 140 113 
S1173R05.jpg 168 140 114 
S1173R06.jpg 166 138 114 
S1173R07.jpg 164 138 114 
S1174L01.jpg 122 166 104 
S1174L02.jpg 140 172 103 
S1174L03.jpg 162 168 103 
S1174L04.jpg 162 164 104 
S1174L05.jpg 162 164 104 
S1174L06.jpg 162 170 102 
S1175L01.jpg 182 149 111 
S1175L02.jpg 176 156 109 
S1175L03.jpg 174 158 110 
S1175L04.jpg 173 160 109 
S1175L05.jpg 173 162 109 
S1175L06.jpg 174 172 110 
S1176L01.jpg 172 144 110 
S1176L02.jpg 169 136 109 
S1176L03.jpg 170 146 108 
S1176L04.jpg 170 144 111 
S1176L05.jpg 172 142 109 
S1176L06.jpg 174 142 110 
S1176L07.jpg 174 142 110 
S1176L08.jpg 174 141 109 
S1177R01.jpg 154 148 105 
S1177R02.jpg 158 146 102 
S1177R03.jpg 162 178 109 
S1178L01.jpg 184 170 111 
S1178L02.jpg 158 200 114 
S1178L03.jpg 160 198 114 
S1178L04.jpg 178 184 115 
S1178L05.jpg 154 186 114 
S1178L06.jpg 166 186 115 
S1178R01.jpg 180 184 112 
S1179L01.jpg 166 150 105 
S1179L02.jpg 164 128 94 
S1179L03.jpg 186 156 102 
S1179L04.jpg 196 136 102 
S1179L05.jpg 198 144 101 
S1179L06.jpg 196 138 99 
S1179L07.jpg 162 140 99 
S1179L08.jpg 142 164 104 
S1179L09.jpg 182 162 102 
S1179L10.jpg 186 154 103 
S1179R01.jpg 184 166 101 
S1179R02.jpg 130 168 102 
S1179R03.jpg 172 138 100 
S1179R04.jpg 142 156 100 
S1179R05.jpg 168 154 103 
S1179R06.jpg 136 138 99 
S1179R07.jpg 188 170 99 
S1179R08.jpg 148 150 99 
S1179R09.jpg 178 168 101 
S1179R10.jpg 170 162 100 
S1180R01.jpg 144 162 107 
S1180R02.jpg 144 162 107 
S1180R03.jpg 158 148 107 
S1180R04.jpg 156 148 107 
S1180R05.jpg 156 156 105 
S1180R06.jpg 153 154 102 
S1181L01.jpg 162 196 104 
S1181L02.jpg 174 188 103 
S1181L03.jpg 204 174 101 
S1181L04.jpg 200 158 99 
S1181L05.jpg 176 170 102 
S1181L06.jpg 188 186 108 
S1181L07.jpg 162 178 104 
S1182L01.jpg 150 144 106 
S1182L02.jpg 132 154 111 
S1182L03.jpg 158 150 105 
S1182L04.jpg 170 160 107 
S1182L05.jpg 160 154 104 
S1182L06.jpg 130 168 112 
S1182L07.jpg 128 144 105 
S1182L08.jpg 132 172 114 
S1182L09.jpg 130 168 112 
S1182R01.jpg 152 142 105 
S1182R02.jpg 159 159 108 
S1182R03.jpg 168 146 106 
S1182R04.jpg 146 150 107 
S1182R05.jpg 154 144 109 
S1182R06.jpg 145 167 107 
S1182R07.jpg 148 154 109 
S1182R08.jpg 170 174 109 
S1182R09.jpg 166 176 105 
S1182R10.jpg 142 160 105 
S1183L01.jpg 146 180 104 
S1183R01.jpg 147 129 100 
S1183R02.jpg 121 129 104 
S1183R03.jpg 160 132 102 
S1183R04.jpg 162 162 105 
S1183R05.jpg 147 135 103 
S1183R06.jpg 150 138 103 
S1184R01.jpg 156 138 106 
S1184R02.jpg 164 158 106 
S1184R03.jpg 122 160 107 
S1184R04.jpg 120 162 107 
S1184R05.jpg 116 152 109 
S1185L01.jpg 160 157 102 
S1185L02.jpg 165 183 100 
S1185L03.jpg 176 190 107 
S1185L04.jpg 138 182 106 
S1185L05.jpg 152 180 105 
S1185L06.jpg 125 147 104 
S1186L01.jpg 144 178 109 
S1186L02.jpg 130 140 108 
S1186L03.jpg 140 156 105 
S1186L04.jpg 128 118 104 
S1186L05.jpg 136 118 102 
S1186L06.jpg 154 162 106 
S1186L07.jpg 124 152 100 
S1186L08.jpg 160 166 103 
S1186L09.jpg 168 162 107 
S1187R01.jpg 183 141 102 
S1187R02.jpg 192 138 101 
S1187R03.jpg 166 162 107 
S1187R04.jpg 158 158 107 
S1187R05.jpg 164 180 103 
S1187R06.jpg 152 162 105 
S1187R07.jpg 182 150 102 
S1188L01.jpg 164 176 105 
S1188L02.jpg 156 164 103 
S1188L03.jpg 160 152 100 
S1188L04.jpg 148 160 106 
S1188L05.jpg 156 162 107 
S1188L06.jpg 168 156 102 
S1188L07.jpg 164 166 103 
S1188L08.jpg 146 152 105 
S1188L09.jpg 156 148 106 
S1188L10.jpg 144 150 103 
S1188R01.jpg 156 172 106 
S1188R02.jpg 164 162 101 
S1188R03.jpg 178 152 110 
S1188R04.jpg 168 168 103 
S1188R05.jpg 152 164 101 
S1188R06.jpg 156 152 99 
S1188R07.jpg 166 160 101 
S1188R08.jpg 180 154 107 
S1188R09.jpg 168 166 100 
S1188R10.jpg 152 150 103 
S1189L01.jpg 150 172 103 
S1190L01.jpg 110 196 101 
S1190L02.jpg 150 186 99 
S1190L03.jpg 142 164 100 
S1190L04.jpg 130 204 102 
S1190L05.jpg 152 162 100 
S1191L01.jpg 142 146 109 
S1191L02.jpg 174 142 104 
S1191L03.jpg 172 154 105 
S1191L04.jpg 154 156 106 
S1191L05.jpg 166 146 107 
S1191L06.jpg 160 154 107 
S1191L07.jpg 170 136 107 
S1191L08.jpg 156 138 105 
S1191L09.jpg 178 144 105 
S1191L10.jpg 168 152 108 
S1191R01.jpg 156 166 107 
S1191R02.jpg 162 156 104 
S1191R03.jpg 156 166 107 
S1191R04.jpg 178 174 108 
S1191R05.jpg 168 170 103 
S1191R06.jpg 162 156 109 
S1191R07.jpg 170 160 105 
S1191R08.jpg 156 168 105 
S1191R09.jpg 148 174 108 
S1191R10.jpg 168 164 105 
S1192L01.jpg 186 150 101 
S1192R01.jpg 126 168 105 
S1192R02.jpg 126 152 104 
S1192R03.jpg 154 142 108 
S1192R04.jpg 113 157 107 
S1192R05.jpg 126 174 106 
S1192R06.jpg 182 160 106 
S1193L01.jpg 148 172 102 
S1193L02.jpg 155 169 104 
S1193L03.jpg 148 145 99 
S1193L04.jpg 180 142 117 
S1193L05.jpg 154 152 102 
S1194R01.jpg 192 158 106 
S1194R02.jpg 184 150 107 
S1194R03.jpg 170 170 107 
S1194R04.jpg 166 180 108 
S1194R05.jpg 164 162 108 
S1195R01.jpg 184 170 113 
S1195R02.jpg 170 194 116 
S1195R03.jpg 148 190 117 
S1195R04.jpg 140 184 116 
S1195R05.jpg 154 172 115 
S1196R01.jpg 116 138 100 
S1196R02.jpg 156 154 103 
S1196R03.jpg 134 118 104 
S1196R04.jpg 140 124 102 
S1196R05.jpg 122 142 103 
S1197L01.jpg 161 173 106 
S1197L02.jpg 160 146 103 
S1197L03.jpg 153 173 103 
S1197L04.jpg 177 170 103 
S1197L05.jpg 202 158 103 
S1197R01.jpg 167 153 102 
S1198L01.jpg 176 172 96 
S1198L02.jpg 162 160 95 
S1198L03.jpg 162 150 96 
S1198L04.jpg 170 168 99 
S1198L05.jpg 166 160 99 
S1199L01.jpg 166 182 101 
S1199L02.jpg 158 164 101 
S1199L03.jpg 164 180 100 
S1199L04.jpg 162 192 102 
S1199L05.jpg 156 186 99 
S1199L06.jpg 164 164 103 
S1199L07.jpg 150 182 102 
S1199L08.jpg 148 184 101 
S1199L09.jpg 156 176 101 
S1199L10.jpg 164 170 100 
S1199R01.jpg 148 104 98 
S1199R02.jpg 158 162 101 
S1199R03.jpg 160 136 100 
S1199R04.jpg 172 106 101 
S1199R05.jpg 152 102 102 
S1199R06.jpg 154 160 99 
S1199R07.jpg 134 172 99 
S1199R08.jpg 152 174 102 
S1199R09.jpg 134 154 100 
S1199R10.jpg 162 172 100 
S1200R01.jpg 152 170 99 
S1200R02.jpg 174 158 97 
S1201L01.jpg 142 174 108 
S1201L02.jpg 170 172 109 
S1201L03.jpg 184 154 107 
S1201L04.jpg 182 160 108 
S1201L05.jpg 166 192 109 
S1202L01.jpg 160 152 103 
S1202R01.jpg 148 158 104 
S1202R02.jpg 158 170 100 
S1202R03.jpg 152 186 98 
S1202R04.jpg 126 168 100 
S1202R05.jpg 174 160 105 
S1203L01.jpg 160 170 111 
S1203L02.jpg 176 174 105 
S1203L03.jpg 164 180 107 
S1203L04.jpg 160 162 107 
S1203L05.jpg 174 170 109 
S1203R01.jpg 166 174 107 
S1204L01.jpg 136 152 108 
S1204L02.jpg 122 128 103 
S1205L01.jpg 202 132 104 
S1205L02.jpg 162 156 108 
S1205R01.jpg 136 152 105 
S1205R02.jpg 126 152 104 
S1205R03.jpg 137 151 105 
S1205R04.jpg 132 144 103 
S1205R05.jpg 152 156 103 
S1205R06.jpg 147 148 103 
S1205R07.jpg 170 146 103 
S1206R01.jpg 158 160 107 
S1206R02.jpg 160 164 111 
S1206R03.jpg 144 170 107 
S1206R04.jpg 124 182 108 
S1206R05.jpg 130 162 109 
S1207R01.jpg 176 162 105 
S1207R02.jpg 141 175 105 
S1207R03.jpg 162 162 102 
S1207R04.jpg 168 182 104 
S1207R05.jpg 188 172 106 
S1208L01.jpg 182 184 103 
S1208L02.jpg 150 170 100 
S1208L03.jpg 150 146 100 
S1208L04.jpg 152 178 100 
S1208L05.jpg 162 148 98 
S1208L06.jpg 160 172 99 
S1208L07.jpg 142 174 100 
S1208R01.jpg 142 190 100 
S1209L01.jpg 160 154 106 
S1209L02.jpg 162 174 106 
S1209L03.jpg 168 160 103 
S1209L04.jpg 164 160 104 
S1209L05.jpg 180 154 104 
S1209L06.jpg 154 162 104 
S1209L07.jpg 152 166 105 
S1209L08.jpg 156 152 106 
S1209L09.jpg 166 158 103 
S1209L10.jpg 146 150 105 
S1209R01.jpg 178 132 104 
S1209R02.jpg 178 148 102 
S1209R03.jpg 186 144 105 
S1209R04.jpg 192 158 106 
S1209R05.jpg 176 176 100 
S1209R06.jpg 132 158 105 
S1209R07.jpg 170 172 110 
S1209R08.jpg 178 176 107 
S1209R09.jpg 180 174 107 
S1209R10.jpg 176 142 106 
S1210L01.jpg 170 160 110 
S1210L02.jpg 134 150 100 
S1210L03.jpg 156 162 103 
S1210L04.jpg 138 168 108 
S1210L05.jpg 146 174 101 
S1210L06.jpg 150 174 104 
S1210L07.jpg 156 168 98 
S1211L01.jpg 158 158 103 
S1211L02.jpg 168 168 104 
S1211L03.jpg 164 188 104 
S1211L04.jpg 182 172 103 
S1211L05.jpg 148 176 106 
S1211L06.jpg 178 182 109 
S1211L07.jpg 162 174 107 
S1211L08.jpg 150 194 110 
S1211L09.jpg 146 178 103 
S1211L10.jpg 166 196 104 
S1211L11.jpg 166 174 105 
S1211L12.jpg 150 182 105 
S1211L13.jpg 172 188 110 
S1211L14.jpg 186 186 110 
S1211L15.jpg 184 182 108 
S1211R01.jpg 150 184 106 
S1211R02.jpg 188 166 105 
S1212L01.jpg 152 150 103 
S1212L02.jpg 154 168 99 
S1212L03.jpg 192 164 101 
S1212L04.jpg 188 162 100 
S1212L05.jpg 184 166 102 
S1212L06.jpg 200 158 100 
S1212L07.jpg 180 162 101 
S1212L08.jpg 174 166 99 
S1212R01.jpg 204 178 101 
S1213L01.jpg 172 168 111 
S1213R01.jpg 146 172 110 
S1214L01.jpg 178 168 107 
S1214L02.jpg 170 167 107 
S1214L03.jpg 192 174 107 
S1214L04.jpg 138 192 109 
S1214L05.jpg 184 174 108 
S1214L06.jpg 170 194 103 
S1214L07.jpg 180 175 107 
S1214R01.jpg 146 154 112 
S1215L01.jpg 157 135 103 
S1215L02.jpg 164 148 106 
S1215L03.jpg 158 142 108 
S1215L04.jpg 163 142 102 
S1215L05.jpg 170 128 106 
S1215L06.jpg 132 144 106 
S1216L01.jpg 138 202 102 
S1217L01.jpg 152 176 105 
S1217L02.jpg 142 162 111 
S1217L03.jpg 164 160 108 
S1217L04.jpg 176 176 100 
S1218L01.jpg 158 180 105 
S1218L02.jpg 154 172 103 
S1218L03.jpg 142 180 103 
S1218R01.jpg 182 186 100 
S1218R02.jpg 182 188 99 
S1218R03.jpg 162 162 105 
S1218R04.jpg 188 162 106 
S1218R05.jpg 176 168 101 
S1218R06.jpg 180 162 106 
S1218R07.jpg 174 146 102 
S1218R08.jpg 174 188 101 
S1218R09.jpg 182 169 100 
S1218R10.jpg 200 144 99 
S1218R11.jpg 180 180 104 
S1218R12.jpg 188 180 101 
S1218R13.jpg 182 140 97 
S1218R14.jpg 178 138 105 
S1218R15.jpg 176 180 100 
S1219L01.jpg 144 177 99 
S1219L02.jpg 160 162 102 
S1219L03.jpg 133 165 100 
S1219L04.jpg 172 198 102 
S1219L05.jpg 156 174 103 
S1219L06.jpg 142 174 101 
S1219L07.jpg 164 168 104 
S1219L08.jpg 162 178 103 
S1219L09.jpg 158 157 100 
S1219L10.jpg 170 148 103 
S1219R01.jpg 178 186 100 
S1219R02.jpg 160 184 101 
S1219R03.jpg 162 162 101 
S1219R04.jpg 180 176 102 
S1219R05.jpg 156 170 99 
S1219R06.jpg 156 162 103 
S1219R07.jpg 152 164 98 
S1219R08.jpg 174 152 102 
S1219R09.jpg 154 146 98 
S1220L01.jpg 142 176 105 
S1220L02.jpg 148 164 102 
S1220L03.jpg 178 174 101 
S1220L04.jpg 120 184 106 
S1220L05.jpg 140 172 107 
S1220L06.jpg 140 190 107 
S1221L01.jpg 146 210 117 
S1221R01.jpg 140 172 113 
S1221R02.jpg 122 202 113 
S1221R03.jpg 130 196 115 
S1221R04.jpg 162 160 111 
S1221R05.jpg 122 196 114 
S1221R06.jpg 138 186 113 
S1222R01.jpg 146 202 116 
S1222R02.jpg 142 208 118 
S1222R03.jpg 132 200 118 
S1222R04.jpg 130 194 119 
S1222R05.jpg 176 182 120 
S1222R06.jpg 126 190 120 
S1222R07.jpg 128 188 120 
S1222R08.jpg 156 204 115 
S1223R01.jpg 152 158 90 
S1223R02.jpg 152 158 90 
S1223R03.jpg 152 168 95 
S1224L01.jpg 166 164 106 
S1224L02.jpg 140 172 112 
S1224L03.jpg 154 165 109 
S1224L04.jpg 158 158 105 
S1224L05.jpg 142 176 109 
S1224L06.jpg 144 180 108 
S1224L07.jpg 142 174 110 
S1224L08.jpg 138 188 107 
S1224L09.jpg 130 160 111 
S1224L10.jpg 148 164 110 
S1224R01.jpg 164 158 111 
S1224R02.jpg 190 150 111 
S1224R03.jpg 194 158 108 
S1224R04.jpg 176 152 111 
S1224R05.jpg 172 150 108 
S1224R06.jpg 186 148 110 
S1224R07.jpg 166 160 111 
S1224R08.jpg 172 164 112 
S1224R09.jpg 168 162 111 
S1224R10.jpg 174 164 106 
S1224R11.jpg 178 144 108 
S1225L01.jpg 126 164 99 
S1225L02.jpg 128 148 100 
S1225L03.jpg 142 160 97 
S1225L04.jpg 150 176 101 
S1225L05.jpg 120 164 97 
S1225L06.jpg 136 170 102 
S1225L07.jpg 142 180 101 
S1226R01.jpg 170 130 108 
S1226R02.jpg 151 156 105 
S1226R03.jpg 158 136 105 
S1226R04.jpg 140 152 105 
S1226R05.jpg 180 156 107 
S1226R06.jpg 132 134 103 
S1226R07.jpg 146 144 102 
S1227L01.jpg 130 188 112 
S1227L02.jpg 124 194 113 
S1227L03.jpg 128 188 111 
S1227L04.jpg 132 194 110 
S1227L05.jpg 126 207 114 
S1227R01.jpg 184 152 100 
S1228L01.jpg 170 172 107 
S1228L02.jpg 146 172 110 
S1228L03.jpg 158 196 108 
S1228L04.jpg 156 176 108 
S1228L05.jpg 162 176 106 
S1228L06.jpg 164 172 110 
S1228L07.jpg 172 182 106 
S1228R01.jpg 120 162 108 
S1229L01.jpg 202 184 106 
S1229L02.jpg 176 198 108 
S1229L03.jpg 204 198 106 
S1229L04.jpg 179 164 106 
S1229L05.jpg 172 160 106 
S1229L06.jpg 192 190 109 
S1229L07.jpg 196 174 108 
S1229L08.jpg 206 176 107 
S1229L09.jpg 206 154 107 
S1229L10.jpg 170 208 109 
S1229R01.jpg 170 164 107 
S1229R02.jpg 186 144 104 
S1229R03.jpg 176 172 106 
S1229R04.jpg 149 183 104 
S1229R05.jpg 144 180 107 
S1229R06.jpg 148 182 108 
S1229R07.jpg 123 175 104 
S1229R08.jpg 164 136 106 
S1229R09.jpg 176 186 95 
S1230R01.jpg 164 164 103 
S1230R02.jpg 167 171 106 
S1230R03.jpg 154 170 103 
S1230R04.jpg 152 154 102 
S1230R05.jpg 158 176 103 
S1230R06.jpg 160 162 105 
S1230R07.jpg 124 154 107 
S1230R08.jpg 150 168 109 
S1230R09.jpg 202 152 105 
S1230R10.jpg 154 172 101 
S1231L01.jpg 168 194 111 
S1231L02.jpg 142 178 111 
S1231L03.jpg 146 184 110 
S1231L04.jpg 160 188 110 
S1231L05.jpg 162 186 111 
S1231L06.jpg 158 192 111 
S1231L07.jpg 164 182 113 
S1231L08.jpg 200 168 103 
S1232L01.jpg 197 149 105 
S1232L02.jpg 180 176 113 
S1232L03.jpg 166 192 112 
S1233R01.jpg 144 166 97 
S1233R02.jpg 142 142 110 
S1233R03.jpg 156 128 115 
S1233R04.jpg 134 162 109 
S1234R01.jpg 126 192 102 
S1234R02.jpg 160 186 109 
S1234R03.jpg 174 162 103 
S1234R04.jpg 170 180 105 
S1234R05.jpg 146 182 107 
S1234R06.jpg 136 176 108 
S1235R01.jpg 172 170 106 
S1235R02.jpg 168 148 103 
S1235R03.jpg 156 154 105 
S1235R04.jpg 188 160 105 
S1236R01.jpg 166 194 101 
S1236R02.jpg 210 194 102 
S1236R03.jpg 164 208 97 
S1237R01.jpg 152 158 104 
S1237R02.jpg 150 162 101 
S1237R03.jpg 159 173 102 
S1238R01.jpg 152 182 100 
S1238R02.jpg 146 196 106 
S1238R03.jpg 138 172 104 
S1238R04.jpg 138 176 106 
S1239L01.jpg 148 144 104 
S1239L02.jpg 152 146 99 
S1239L03.jpg 176 152 103 
S1239L04.jpg 148 152 101 
S1239L05.jpg 160 140 102 
S1239L06.jpg 158 138 100 
S1239L07.jpg 142 138 101 
S1239L08.jpg 158 136 99 
S1239L09.jpg 146 152 103 
S1239L10.jpg 136 140 101 
S1239R01.jpg 154 132 100 
S1239R02.jpg 136 134 102 
S1239R03.jpg 142 144 100 
S1239R04.jpg 156 128 101 
S1239R05.jpg 172 138 100 
S1239R06.jpg 146 126 100 
S1239R07.jpg 168 136 103 
S1239R08.jpg 154 140 103 
S1239R09.jpg 158 126 100 
S1239R10.jpg 158 120 100 
S1240L01.jpg 188 157 100 
S1240L02.jpg 182 178 99 
S1240L03.jpg 164 200 97 
S1240L04.jpg 129 204 97 
S1240L05.jpg 158 154 95 
S1241R01.jpg 168 148 107 
S1241R02.jpg 166 148 104 
S1241R03.jpg 158 132 104 
S1242L01.jpg 170 150 99 
S1242L02.jpg 162 154 100 
S1242L03.jpg 164 146 100 
S1243R01.jpg 128 192 101 
S1243R02.jpg 182 178 104 
S1244L01.jpg 140 186 101 
S1244L02.jpg 160 168 102 
S1244L03.jpg 156 170 102 
S1244L04.jpg 176 178 104 
S1244L05.jpg 174 196 103 
S1244L06.jpg 164 160 102 
S1245R01.jpg 176 156 107 
S1245R02.jpg 164 144 104 
S1245R03.jpg 160 156 101 
S1245R04.jpg 158 202 100 
S1246R01.jpg 128 169 103 
S1246R02.jpg 122 169 101 
S1246R03.jpg 128 156 103 
S1247R01.jpg 126 128 111 
S1247R02.jpg 174 140 106 
S1247R03.jpg 160 134 112 
S1247R04.jpg 136 136 114 
S1247R05.jpg 162 150 107 
S1247R06.jpg 196 158 104 
S1247R07.jpg 171 170 106 
S1247R08.jpg 192 158 108 
S1248L01.jpg 172 164 104 
S1248R01.jpg 130 188 104 
S1248R02.jpg 163 169 105 
S1248R03.jpg 146 172 107 
S1248R04.jpg 124 177 105 
S1248R05.jpg 157 161 104 
S1248R06.jpg 168 190 106 
S1248R07.jpg 158 183 105 
S1249R01.jpg 170 146 107 
S1249R02.jpg 182 160 110