001_IP5_IN_F_RI_01_1 437 625 121
001_IP5_IN_F_RI_01_2 461 636 103
001_IP5_IN_F_RI_01_3 478 629 76
001_IP5_IN_F_RI_01_4 484 631 135
001_IP5_IN_R_RI_01_1 766 959 140
001_IP5_IN_R_RI_01_2 759 925 143
001_IP5_IN_R_RI_01_3 782 972 126
001_IP5_IN_R_RI_01_4 784 956 136
001_IP5_OU_F_RI_01_1 439 648 148
001_IP5_OU_F_RI_01_2 477 568 111
001_IP5_OU_F_RI_01_3 490 512 104
001_IP5_OU_F_RI_01_4 519 551 101
001_IP5_OU_R_RI_01_1 764 981 133
001_IP5_OU_R_RI_01_2 756 978 129
001_IP5_OU_R_RI_01_3 766 953 181
001_IP5_OU_R_RI_01_4 796 978 132
002_IP5_IN_F_LI_01_1 584 402 86
002_IP5_IN_F_LI_01_2 581 507 84
002_IP5_IN_F_LI_01_3 637 327 78
002_IP5_IN_F_LI_01_4 605 322 76
002_IP5_IN_R_LI_01_1 793 947 151
002_IP5_IN_R_LI_01_2 806 939 152
002_IP5_IN_R_LI_01_3 763 936 143
002_IP5_IN_R_LI_01_4 762 833 132
002_IP5_OU_F_LI_01_1 534 555 88
002_IP5_OU_F_LI_01_2 623 527 80
002_IP5_OU_F_LI_01_3 554 560 83
002_IP5_OU_F_LI_01_4 494 531 82
002_IP5_OU_R_LI_01_1 448 875 167
002_IP5_OU_R_LI_01_2 438 911 242
002_IP5_OU_R_LI_01_3 327 991 163
002_IP5_OU_R_LI_01_4 273 890 210
003_IP5_IN_F_RI_01_1 555 441 112
003_IP5_IN_F_RI_01_2 551 579 110
003_IP5_IN_F_RI_01_3 540 563 113
003_IP5_IN_F_RI_01_4 576 560 115
003_IP5_IN_R_RI_01_1 802 957 141
003_IP5_IN_R_RI_01_2 740 971 143
003_IP5_IN_R_RI_01_3 789 966 148
003_IP5_IN_R_RI_01_4 752 955 147
003_IP5_OU_F_RI_01_1 545 541 121
003_IP5_OU_F_RI_01_2 530 579 121
003_IP5_OU_F_RI_01_3 552 577 122
003_IP5_OU_F_RI_01_4 546 565 123
003_IP5_OU_R_RI_01_1 751 948 284
003_IP5_OU_R_RI_01_2 739 986 308
003_IP5_OU_R_RI_01_3 748 991 298
003_IP5_OU_R_RI_01_4 726 988 291
004_IP5_IN_F_LI_01_1 509 522 127
004_IP5_IN_F_LI_01_2 522 509 128
004_IP5_IN_F_LI_01_3 446 527 127
004_IP5_IN_F_LI_01_4 491 577 120
004_IP5_IN_R_LI_01_1 765 901 135
004_IP5_IN_R_LI_01_2 771 937 132
004_IP5_IN_R_LI_01_3 691 900 129
004_IP5_IN_R_LI_01_4 721 896 132
004_IP5_OU_F_LI_01_1 470 622 114
004_IP5_OU_F_LI_01_2 486 578 116
004_IP5_OU_F_LI_01_3 459 596 110
004_IP5_OU_F_LI_01_4 478 620 115
004_IP5_OU_R_LI_01_1 733 772 141
004_IP5_OU_R_LI_01_2 787 742 142
004_IP5_OU_R_LI_01_3 563 759 134
004_IP5_OU_R_LI_01_4 558 697 140
005_IP5_IN_F_LI_01_1 530 418 129
005_IP5_IN_F_LI_01_2 525 389 128
005_IP5_IN_F_LI_01_3 544 417 133
005_IP5_IN_F_LI_01_4 548 420 130
005_IP5_IN_R_LI_01_1 535 1057 154
005_IP5_IN_R_LI_01_2 489 1034 163
005_IP5_IN_R_LI_01_3 561 1163 148
005_IP5_IN_R_LI_01_4 564 1080 154
005_IP5_OU_F_LI_01_1 518 416 118
005_IP5_OU_F_LI_01_2 483 405 122
005_IP5_OU_F_LI_01_3 494 459 112
005_IP5_OU_F_LI_01_4 497 424 118
005_IP5_OU_R_LI_01_1 259 810 135
005_IP5_OU_R_LI_01_2 253 776 140
005_IP5_OU_R_LI_01_3 308 804 137
005_IP5_OU_R_LI_01_4 268 787 139
006_IP5_IN_F_LI_01_1 471 756 78
006_IP5_IN_F_LI_01_2 467 755 78
006_IP5_IN_F_LI_01_3 484 755 78
006_IP5_IN_F_LI_01_4 470 758 77
006_IP5_IN_R_LI_01_1 855 1094 96
006_IP5_IN_R_LI_01_2 850 1096 97
006_IP5_IN_R_LI_01_3 876 1108 95
006_IP5_IN_R_LI_01_4 842 1094 95
006_IP5_OU_F_LI_01_1 603 699 82
006_IP5_OU_F_LI_01_2 605 700 84
006_IP5_OU_F_LI_01_3 594 680 80
006_IP5_OU_F_LI_01_4 608 697 82
006_IP5_OU_R_LI_01_1 781 748 133
006_IP5_OU_R_LI_01_2 974 798 137
006_IP5_OU_R_LI_01_3 748 794 136
006_IP5_OU_R_LI_01_4 839 786 134
007_IP5_IN_F_LI_01_1 522 575 51
007_IP5_IN_F_LI_01_2 521 572 52
007_IP5_IN_F_LI_01_3 517 635 53
007_IP5_IN_F_LI_01_4 504 553 53
007_IP5_IN_R_LI_01_1 712 1212 80
007_IP5_IN_R_LI_01_2 710 1215 81
007_IP5_IN_R_LI_01_3 786 1311 81
007_IP5_IN_R_LI_01_4 777 1251 84
007_IP5_OU_F_LI_01_1 415 568 54
007_IP5_OU_F_LI_01_2 430 580 53
007_IP5_OU_F_LI_01_3 435 580 53
007_IP5_OU_F_LI_01_4 388 579 53
007_IP5_OU_R_LI_01_1 720 704 101
007_IP5_OU_R_LI_01_2 758 673 102
007_IP5_OU_R_LI_01_3 744 724 98
007_IP5_OU_R_LI_01_4 794 719 102
008_IP5_IN_F_LI_01_1 417 364 86
008_IP5_IN_F_LI_01_2 402 367 87
008_IP5_IN_F_LI_01_3 427 408 82
008_IP5_IN_F_LI_01_4 416 364 86
008_IP5_IN_R_LI_01_1 490 1111 119
008_IP5_IN_R_LI_01_2 502 1109 121
008_IP5_IN_R_LI_01_3 489 1099 121
008_IP5_IN_R_LI_01_4 486 1107 120
008_IP5_OU_F_LI_01_1 380 259 91
008_IP5_OU_F_LI_01_2 366 238 93
008_IP5_OU_F_LI_01_3 374 319 91
008_IP5_OU_F_LI_01_4 404 253 91
008_IP5_OU_R_LI_01_1 620 972 131
008_IP5_OU_R_LI_01_2 569 977 135
008_IP5_OU_R_LI_01_3 593 1021 131
008_IP5_OU_R_LI_01_4 596 1003 133
009_IP5_IN_F_LI_01_1 597 518 76
009_IP5_IN_F_LI_01_2 517 459 85
009_IP5_IN_F_LI_01_3 514 471 81
009_IP5_IN_F_LI_01_4 543 479 83
009_IP5_IN_R_LI_01_1 747 733 86
009_IP5_IN_R_LI_01_2 666 660 93
009_IP5_IN_R_LI_01_3 645 649 92
009_IP5_IN_R_LI_01_4 623 653 92
009_IP5_OU_F_LI_01_1 463 418 64
009_IP5_OU_F_LI_01_2 497 419 64
009_IP5_OU_F_LI_01_3 500 385 64
009_IP5_OU_F_LI_01_4 488 389 62
009_IP5_OU_R_LI_01_1 917 837 95
009_IP5_OU_R_LI_01_2 912 814 95
009_IP5_OU_R_LI_01_3 881 801 94
009_IP5_OU_R_LI_01_4 886 798 94
010_IP5_IN_F_RI_01_1 303 532 104
010_IP5_IN_F_RI_01_2 419 536 96
010_IP5_IN_F_RI_01_3 401 504 98
010_IP5_IN_F_RI_01_4 421 500 97
010_IP5_IN_R_RI_01_1 752 736 97
010_IP5_IN_R_RI_01_2 748 744 98
010_IP5_IN_R_RI_01_3 711 773 99
010_IP5_IN_R_RI_01_4 709 796 101
010_IP5_OU_F_RI_01_1 408 602 98
010_IP5_OU_F_RI_01_2 430 587 102
010_IP5_OU_F_RI_01_3 415 591 100
010_IP5_OU_F_RI_01_4 420 588 99
010_IP5_OU_R_RI_01_1 431 773 145
010_IP5_OU_R_RI_01_2 432 692 140
010_IP5_OU_R_RI_01_3 452 706 132
010_IP5_OU_R_RI_01_4 510 712 134
011_IP5_IN_F_LI_01_1 415 408 127
011_IP5_IN_F_LI_01_2 512 426 150
011_IP5_IN_F_LI_01_3 528 169 166
011_IP5_IN_F_LI_01_4 475 278 178
011_IP5_IN_R_LI_01_1 693 958 94
011_IP5_IN_R_LI_01_2 620 950 94
011_IP5_IN_R_LI_01_3 620 949 93
011_IP5_IN_R_LI_01_4 545 904 98
011_IP5_OU_F_LI_01_1 521 719 71
011_IP5_OU_F_LI_01_2 626 561 116
011_IP5_OU_F_LI_01_3 620 512 122
011_IP5_OU_F_LI_01_4 641 489 136
011_IP5_OU_R_LI_01_1 607 727 124
011_IP5_OU_R_LI_01_2 689 828 126
011_IP5_OU_R_LI_01_3 683 840 132
011_IP5_OU_R_LI_01_4 702 841 136
012_IP5_IN_F_RI_01_1 473 528 83
012_IP5_IN_F_RI_01_2 471 582 80
012_IP5_IN_F_RI_01_3 462 601 80
012_IP5_IN_F_RI_01_4 464 634 81
012_IP5_IN_R_RI_01_1 777 997 190
012_IP5_IN_R_RI_01_2 826 999 186
012_IP5_IN_R_RI_01_3 824 982 189
012_IP5_IN_R_RI_01_4 816 1011 192
012_IP5_OU_F_RI_01_1 490 246 79
012_IP5_OU_F_RI_01_2 508 272 77
012_IP5_OU_F_RI_01_3 512 283 78
012_IP5_OU_F_RI_01_4 513 281 79
012_IP5_OU_F_RI_01_5 505 275 80
012_IP5_OU_R_RI_01_1 1007 934 195
012_IP5_OU_R_RI_01_2 983 924 198
012_IP5_OU_R_RI_01_3 968 951 196
012_IP5_OU_R_RI_01_4 937 956 193
012_IP5_OU_R_RI_01_5 944 978 204
013_IP5_IN_F_RI_01_1 657 487 80
013_IP5_IN_F_RI_01_2 644 432 85
013_IP5_IN_F_RI_01_3 590 449 79
013_IP5_IN_F_RI_01_4 574 427 80
013_IP5_IN_R_RI_01_1 941 622 101
013_IP5_IN_R_RI_01_2 909 544 105
013_IP5_IN_R_RI_01_3 914 513 106
013_IP5_IN_R_RI_01_4 826 479 108
013_IP5_OU_F_RI_01_1 504 389 97
013_IP5_OU_F_RI_01_2 500 381 94
013_IP5_OU_F_RI_01_3 463 375 92
013_IP5_OU_F_RI_01_4 505 386 87
013_IP5_OU_R_RI_01_1 161 123 21
013_IP5_OU_R_RI_01_2 917 703 123
013_IP5_OU_R_RI_01_3 920 663 121
013_IP5_OU_R_RI_01_4 924 635 119
014_IP5_IN_F_RI_01_1 557 372 102
014_IP5_IN_F_RI_01_2 512 434 101
014_IP5_IN_F_RI_01_3 584 506 95
014_IP5_IN_F_RI_01_4 615 562 94
014_IP5_IN_R_RI_01_1 859 1160 120
014_IP5_IN_R_RI_01_2 941 1129 115
014_IP5_IN_R_RI_01_3 922 1139 111
014_IP5_IN_R_RI_01_4 916 1113 109
014_IP5_OU_F_RI_01_1 579 383 112
014_IP5_OU_F_RI_01_2 552 454 115
014_IP5_OU_F_RI_01_3 643 492 96
014_IP5_OU_F_RI_01_4 527 631 103
014_IP5_OU_F_RI_01_5 561 351 141
014_IP5_OU_R_RI_01_1 962 975 182
014_IP5_OU_R_RI_01_2 874 1032 172
014_IP5_OU_R_RI_01_3 855 1056 144
014_IP5_OU_R_RI_01_4 793 1175 155
015_IP5_IN_F_LI_01_1 562 701 67
015_IP5_IN_F_LI_01_2 569 658 69
015_IP5_IN_F_LI_01_3 563 664 67
015_IP5_IN_F_LI_01_4 590 594 69
015_IP5_IN_F_LI_01_5 591 579 69
015_IP5_IN_R_LI_01_1 684 1207 111
015_IP5_IN_R_LI_01_2 698 1168 108
015_IP5_IN_R_LI_01_3 732 1146 109
015_IP5_IN_R_LI_01_4 737 1162 109
015_IP5_IN_R_LI_01_5 772 1173 104
015_IP5_OU_F_LI_01_1 563 436 92
015_IP5_OU_F_LI_01_2 528 412 91
015_IP5_OU_F_LI_01_3 538 399 91
015_IP5_OU_F_LI_01_4 531 387 91
015_IP5_OU_R_LI_01_1 716 943 141
015_IP5_OU_R_LI_01_2 770 858 152
015_IP5_OU_R_LI_01_3 745 846 152
015_IP5_OU_R_LI_01_4 525 890 139
015_IP5_OU_R_LI_01_5 479 813 151
015_IP5_OU_R_LI_01_6 371 759 160
015_IP5_OU_R_LI_01_7 349 890 163
016_IP5_IN_F_LI_01_1 524 371 85
016_IP5_IN_F_LI_01_2 543 393 109
016_IP5_IN_F_LI_01_3 568 408 110
016_IP5_IN_F_LI_01_4 584 422 108
016_IP5_IN_F_LI_01_5 572 426 108
016_IP5_IN_R_LI_01_1 807 931 182
016_IP5_IN_R_LI_01_2 664 940 184
016_IP5_IN_R_LI_01_3 737 951 191
016_IP5_IN_R_LI_01_4 816 932 187
016_IP5_OU_F_LI_01_1 431 337 103
016_IP5_OU_F_LI_01_2 413 355 103
016_IP5_OU_F_LI_01_3 393 356 101
016_IP5_OU_F_LI_01_4 406 362 102
016_IP5_OU_R_LI_01_1 708 588 187
016_IP5_OU_R_LI_01_2 699 608 194
016_IP5_OU_R_LI_01_3 662 626 201
016_IP5_OU_R_LI_01_4 662 610 206
017_IP5_IN_F_LI_01_1 425 573 53
017_IP5_IN_F_LI_01_2 412 557 53
017_IP5_IN_F_LI_01_3 380 546 52
017_IP5_IN_F_LI_01_4 380 537 53
017_IP5_IN_R_LI_01_1 415 1393 99
017_IP5_IN_R_LI_01_2 420 1368 100
017_IP5_IN_R_LI_01_3 444 1370 102
017_IP5_IN_R_LI_01_4 422 1358 104
017_IP5_OU_F_LI_01_1 439 478 80
017_IP5_OU_F_LI_01_2 294 409 84
017_IP5_OU_F_LI_01_3 270 367 91
017_IP5_OU_F_LI_01_4 226 322 95
017_IP5_OU_R_LI_01_1 478 1273 104
017_IP5_OU_R_LI_01_2 476 1199 111
017_IP5_OU_R_LI_01_3 482 1097 110
017_IP5_OU_R_LI_01_4 433 1348 67
017_IP5_OU_R_LI_01_5 429 1366 106
017_IP5_OU_R_LI_01_6 446 1355 101
018_IP5_IN_F_RI_01_1 631 801 66
018_IP5_IN_F_RI_01_2 635 764 68
018_IP5_IN_F_RI_01_3 633 735 70
018_IP5_IN_F_RI_01_4 628 748 69
018_IP5_IN_R_RI_01_1 775 700 121
018_IP5_IN_R_RI_01_2 849 868 111
018_IP5_IN_R_RI_01_3 813 746 115
018_IP5_IN_R_RI_01_4 820 727 120
018_IP5_IN_R_RI_01_5 781 681 126
018_IP5_OU_F_RI_01_1 444 629 87
018_IP5_OU_F_RI_01_2 458 614 87
018_IP5_OU_F_RI_01_3 434 598 86
018_IP5_OU_F_RI_01_4 423 579 88
018_IP5_OU_F_RI_01_5 406 556 88
018_IP5_OU_R_RI_01_1 971 972 153
018_IP5_OU_R_RI_01_2 880 949 152
018_IP5_OU_R_RI_01_3 876 938 156
018_IP5_OU_R_RI_01_4 853 923 155
018_IP5_OU_R_RI_01_5 862 910 154
019_IP5_IN_F_RI_01_1 536 885 50
019_IP5_IN_F_RI_01_2 537 875 49
019_IP5_IN_F_RI_01_3 530 879 50
019_IP5_IN_F_RI_01_4 513 868 50
019_IP5_IN_R_RI_01_1 548 1043 98
019_IP5_IN_R_RI_01_2 587 1045 99
019_IP5_IN_R_RI_01_3 535 1030 100
019_IP5_IN_R_RI_01_4 628 1057 100
019_IP5_OU_F_RI_01_1 462 621 71
019_IP5_OU_F_RI_01_2 438 594 71
019_IP5_OU_F_RI_01_3 431 559 72
019_IP5_OU_F_RI_01_4 419 541 73
019_IP5_OU_R_RI_01_1 750 688 162
019_IP5_OU_R_RI_01_2 814 702 170
019_IP5_OU_R_RI_01_3 925 692 168
019_IP5_OU_R_RI_01_4 852 670 172
020_IP5_IN_F_LI_01_1 525 488 134
020_IP5_IN_F_LI_01_2 527 467 135
020_IP5_IN_F_LI_01_3 535 427 129
020_IP5_IN_F_LI_01_4 507 500 102
020_IP5_IN_F_LI_01_5 500 591 123
020_IP5_IN_R_LI_01_1 839 1143 124
020_IP5_IN_R_LI_01_2 822 1130 120
020_IP5_IN_R_LI_01_3 867 1135 117
020_IP5_IN_R_LI_01_4 844 1131 117
020_IP5_OU_F_LI_01_1 479 574 123
020_IP5_OU_F_LI_01_2 492 539 119
020_IP5_OU_F_LI_01_3 472 539 124
020_IP5_OU_F_LI_01_4 465 544 122
020_IP5_OU_R_LI_01_1 758 667 121
020_IP5_OU_R_LI_01_2 719 719 110
020_IP5_OU_R_LI_01_3 821 706 118
020_IP5_OU_R_LI_01_4 834 699 119
020_IP5_OU_R_LI_01_5 820 694 119
021_IP5_IN_F_RI_01_1 351 489 83
021_IP5_IN_F_RI_01_2 367 506 80
021_IP5_IN_F_RI_01_3 349 496 80
021_IP5_IN_F_RI_01_4 330 484 81
021_IP5_IN_R_RI_01_1 667 956 116
021_IP5_IN_R_RI_01_2 658 985 113
021_IP5_IN_R_RI_01_3 662 988 109
021_IP5_IN_R_RI_01_4 703 1010 109
021_IP5_OU_F_RI_01_1 356 315 123
021_IP5_OU_F_RI_01_2 348 317 123
021_IP5_OU_F_RI_01_3 336 311 123
021_IP5_OU_F_RI_01_4 319 279 124
021_IP5_OU_R_RI_01_1 551 666 163
021_IP5_OU_R_RI_01_2 533 624 166
021_IP5_OU_R_RI_01_3 539 645 159
021_IP5_OU_R_RI_01_4 546 605 168
022_IP5_IN_F_RI_01_1 506 612 88
022_IP5_IN_F_RI_01_2 518 605 90
022_IP5_IN_F_RI_01_3 539 602 91
022_IP5_IN_F_RI_01_4 565 596 92
022_IP5_IN_R_RI_01_1 703 808 134
022_IP5_IN_R_RI_01_2 640 849 108
022_IP5_IN_R_RI_01_3 613 889 101
022_IP5_IN_R_RI_01_4 629 844 118
022_IP5_IN_R_RI_01_5 691 861 121
022_IP5_OU_F_RI_01_1 415 332 95
022_IP5_OU_F_RI_01_2 434 324 99
022_IP5_OU_F_RI_01_3 420 329 99
022_IP5_OU_F_RI_01_4 426 326 98
022_IP5_OU_R_RI_01_1 635 674 184
022_IP5_OU_R_RI_01_2 718 712 164
022_IP5_OU_R_RI_01_3 703 718 163
022_IP5_OU_R_RI_01_4 694 714 165
023_IP5_IN_F_LI_01_1 536 506 67
023_IP5_IN_F_LI_01_2 561 508 68
023_IP5_IN_F_LI_01_3 540 498 67
023_IP5_IN_F_LI_01_4 552 506 68
023_IP5_IN_F_LI_01_5 544 497 68
023_IP5_IN_R_LI_01_1 391 1324 80
023_IP5_IN_R_LI_01_2 515 1322 101
023_IP5_IN_R_LI_01_3 432 1313 100
023_IP5_IN_R_LI_01_4 417 1281 102
023_IP5_IN_R_LI_01_5 552 535 68
023_IP5_OU_F_LI_01_1 527 693 97
023_IP5_OU_F_LI_01_2 554 719 95
023_IP5_OU_F_LI_01_3 536 718 98
023_IP5_OU_F_LI_01_4 551 687 99
023_IP5_OU_R_LI_01_1 659 610 153
023_IP5_OU_R_LI_01_2 618 555 149
023_IP5_OU_R_LI_01_3 578 484 155
023_IP5_OU_R_LI_01_4 591 491 155
023_IP5_OU_R_LI_01_5 580 442 160
023_IP5_OU_R_LI_01_6 553 460 174
023_IP5_OU_R_LI_01_7 537 565 163
024_IP5_IN_F_RI_01_1 260 450 88
024_IP5_IN_F_RI_01_2 256 436 86
024_IP5_IN_F_RI_01_3 291 406 89
024_IP5_IN_F_RI_01_4 300 392 88
024_IP5_IN_R_RI_01_1 1048 1044 340
024_IP5_IN_R_RI_01_2 1181 944 348
024_IP5_IN_R_RI_01_3 1287 868 353
024_IP5_IN_R_RI_01_4 1334 782 348
024_IP5_OU_F_RI_01_1 483 478 93
024_IP5_OU_F_RI_01_2 487 449 93
024_IP5_OU_F_RI_01_3 494 410 95
024_IP5_OU_F_RI_01_4 514 372 97
024_IP5_OU_R_RI_01_1 1212 1239 199
024_IP5_OU_R_RI_01_2 1139 1225 205
024_IP5_OU_R_RI_01_3 1148 1180 213
024_IP5_OU_R_RI_01_4 1181 1176 211
025_IP5_IN_F_RI_01_1 426 335 75
025_IP5_IN_F_RI_01_2 412 363 79
025_IP5_IN_F_RI_01_3 407 372 78
025_IP5_IN_F_RI_01_4 394 399 73
025_IP5_IN_R_RI_01_1 980 1738 140
025_IP5_IN_R_RI_01_2 1330 1492 176
025_IP5_IN_R_RI_01_3 1455 1530 177
025_IP5_IN_R_RI_01_4 1451 1541 170
025_IP5_OU_F_RI_01_1 460 546 73
025_IP5_OU_F_RI_01_2 416 529 72
025_IP5_OU_F_RI_01_3 420 522 72
025_IP5_OU_F_RI_01_4 414 498 73
025_IP5_OU_R_RI_01_1 1184 1229 169
025_IP5_OU_R_RI_01_2 1212 1218 169
025_IP5_OU_R_RI_01_3 1171 1204 162
025_IP5_OU_R_RI_01_4 1100 1137 164
026_IP5_IN_F_RI_01_1 522 685 53
026_IP5_IN_F_RI_01_2 534 646 53
026_IP5_IN_F_RI_01_3 522 640 55
026_IP5_IN_F_RI_01_4 547 608 56
026_IP5_IN_R_RI_01_1 1359 1316 168
026_IP5_IN_R_RI_01_2 1464 1324 161
026_IP5_IN_R_RI_01_3 1470 1291 157
026_IP5_IN_R_RI_01_4 1637 1359 154
026_IP5_OU_F_RI_01_1 542 543 70
026_IP5_OU_F_RI_01_2 525 513 70
026_IP5_OU_F_RI_01_3 476 538 68
026_IP5_OU_F_RI_01_4 475 526 69
026_IP5_OU_R_RI_01_1 1395 1268 143
026_IP5_OU_R_RI_01_2 1375 1306 142
026_IP5_OU_R_RI_01_3 1422 1306 140
026_IP5_OU_R_RI_01_4 1464 1302 141
027_IP5_IN_F_RI_01_1 587 671 77
027_IP5_IN_F_RI_01_2 560 660 79
027_IP5_IN_F_RI_01_3 582 646 79
027_IP5_IN_F_RI_01_4 593 625 83
027_IP5_IN_R_RI_01_1 1461 2101 179
027_IP5_IN_R_RI_01_2 1168 1911 166
027_IP5_IN_R_RI_01_3 1256 1956 165
027_IP5_IN_R_RI_01_4 1261 1916 160
027_IP5_OU_F_RI_01_1 569 454 81
027_IP5_OU_F_RI_01_2 567 448 79
027_IP5_OU_F_RI_01_3 557 460 75
027_IP5_OU_F_RI_01_4 526 462 74
027_IP5_OU_R_RI_01_1 978 1641 173
027_IP5_OU_R_RI_01_2 827 1606 176
027_IP5_OU_R_RI_01_3 850 1569 175
027_IP5_OU_R_RI_01_4 853 1615 177
028_IP5_IN_F_RI_01_1 518 308 91
028_IP5_IN_F_RI_01_2 518 309 93
028_IP5_IN_F_RI_01_3 508 313 91
028_IP5_IN_F_RI_01_4 496 316 90
028_IP5_IN_F_RI_01_5 494 290 92
028_IP5_IN_R_RI_01_2 1037 775 162
028_IP5_IN_R_RI_01_3 1008 796 128
028_IP5_IN_R_RI_01_4 1023 761 153
028_IP5_IN_R_RI_01_5 1139 746 146
028_IP5_OU_F_RI_01_1 495 485 94
028_IP5_OU_F_RI_01_2 476 488 92
028_IP5_OU_F_RI_01_3 468 491 93
028_IP5_OU_F_RI_01_4 452 468 92
028_IP5_OU_R_RI_01_1 899 748 131
028_IP5_OU_R_RI_01_2 926 746 101
028_IP5_OU_R_RI_01_3 941 663 143
028_IP5_OU_R_RI_01_4 966 662 144
029_IP5_IN_F_RI_01_1 391 440 79
029_IP5_IN_F_RI_01_2 318 434 75
029_IP5_IN_F_RI_01_3 318 429 71
029_IP5_IN_F_RI_01_4 418 450 76
029_IP5_IN_R_RI_01_1 707 963 100
029_IP5_IN_R_RI_01_2 726 974 97
029_IP5_IN_R_RI_01_3 745 936 100
029_IP5_IN_R_RI_01_4 736 938 97
029_IP5_OU_F_RI_01_1 477 261 98
029_IP5_OU_F_RI_01_2 509 120 103
029_IP5_OU_F_RI_01_3 473 125 103
029_IP5_OU_F_RI_01_4 450 341 91
029_IP5_OU_F_RI_01_5 447 272 90
029_IP5_OU_R_RI_01_1 497 807 154
029_IP5_OU_R_RI_01_2 451 790 148
029_IP5_OU_R_RI_01_3 571 750 149
029_IP5_OU_R_RI_01_4 579 764 146
029_IP5_OU_R_RI_01_5 365 621 168
030_IP5_IN_F_RI_01_1 534 548 69
030_IP5_IN_F_RI_01_2 534 496 73
030_IP5_IN_F_RI_01_3 495 469 73
030_IP5_IN_F_RI_01_4 498 468 76
030_IP5_IN_R_RI_01_1 593 940 138
030_IP5_IN_R_RI_01_2 588 862 142
030_IP5_IN_R_RI_01_3 595 849 142
030_IP5_IN_R_RI_01_4 595 818 145
030_IP5_OU_F_RI_01_1 681 374 85
030_IP5_OU_F_RI_01_2 478 518 86
030_IP5_OU_F_RI_01_3 475 519 84
030_IP5_OU_F_RI_01_4 474 511 85
030_IP5_OU_R_RI_01_1 592 670 157
030_IP5_OU_R_RI_01_2 540 589 157
030_IP5_OU_R_RI_01_3 494 600 157
030_IP5_OU_R_RI_01_4 484 583 162
031_IP5_IN_F_RI_01_1 381 639 95
031_IP5_IN_F_RI_01_2 366 599 100
031_IP5_IN_F_RI_01_3 346 582 101
031_IP5_IN_F_RI_01_4 333 581 102
031_IP5_IN_F_RI_01_5 330 574 101
031_IP5_IN_R_RI_01_1 793 953 97
031_IP5_IN_R_RI_01_2 793 949 97
031_IP5_IN_R_RI_01_3 787 966 94
031_IP5_IN_R_RI_01_4 776 961 96
031_IP5_OU_F_RI_01_1 584 407 127
031_IP5_OU_F_RI_01_2 545 410 125
031_IP5_OU_F_RI_01_3 592 429 127
031_IP5_OU_F_RI_01_4 542 419 125
031_IP5_OU_R_RI_01_1 693 952 122
031_IP5_OU_R_RI_01_2 737 935 130
031_IP5_OU_R_RI_01_3 795 930 124
031_IP5_OU_R_RI_01_4 777 933 129
031_IP5_OU_R_RI_01_5 784 938 124
032_IP5_IN_F_RI_01_1 617 530 54
032_IP5_IN_F_RI_01_2 629 528 54
032_IP5_IN_F_RI_01_3 628 524 54
032_IP5_IN_F_RI_01_4 636 528 53
032_IP5_IN_R_RI_01_1 1175 922 128
032_IP5_IN_R_RI_01_2 1082 928 119
032_IP5_IN_R_RI_01_3 1116 913 127
032_IP5_IN_R_RI_01_4 1081 910 125
032_IP5_OU_F_RI_01_1 618 349 67
032_IP5_OU_F_RI_01_2 638 373 63
032_IP5_OU_F_RI_01_3 609 361 63
032_IP5_OU_F_RI_01_4 603 362 62
032_IP5_OU_R_RI_01_1 722 651 97
032_IP5_OU_R_RI_01_2 771 678 90
032_IP5_OU_R_RI_01_3 753 660 85
032_IP5_OU_R_RI_01_4 772 696 73
033_IP5_IN_F_RI_01_1 486 603 67
033_IP5_IN_F_RI_01_2 481 602 66
033_IP5_IN_F_RI_01_3 491 614 63
033_IP5_IN_F_RI_01_4 484 616 63
033_IP5_IN_R_RI_01_1 644 855 101
033_IP5_IN_R_RI_01_2 732 923 110
033_IP5_IN_R_RI_01_3 743 899 109
033_IP5_IN_R_RI_01_4 739 898 108
033_IP5_OU_F_RI_01_1 467 546 88
033_IP5_OU_F_RI_01_2 467 531 88
033_IP5_OU_F_RI_01_3 486 541 83
033_IP5_OU_F_RI_01_4 491 536 87
033_IP5_OU_R_RI_01_1 460 578 169
033_IP5_OU_R_RI_01_2 357 579 160
033_IP5_OU_R_RI_01_3 333 583 157
033_IP5_OU_R_RI_01_4 301 578 158
034_IP5_IN_F_RI_01_1 553 411 64
034_IP5_IN_F_RI_01_2 557 418 63
034_IP5_IN_F_RI_01_3 537 426 62
034_IP5_IN_F_RI_01_4 548 446 63
034_IP5_IN_R_RI_01_1 1028 839 130
034_IP5_IN_R_RI_01_2 1016 841 122
034_IP5_IN_R_RI_01_3 1015 848 126
034_IP5_IN_R_RI_01_4 1019 884 123
034_IP5_OU_F_RI_01_1 480 298 85
034_IP5_OU_F_RI_01_2 503 346 85
034_IP5_OU_F_RI_01_3 501 349 82
034_IP5_OU_F_RI_01_4 522 345 83
034_IP5_OU_R_RI_01_1 845 343 186
034_IP5_OU_R_RI_01_2 724 372 174
034_IP5_OU_R_RI_01_3 772 425 117
034_IP5_OU_R_RI_01_4 704 310 145
035_IP5_IN_F_RI_01_1 603 279 103
035_IP5_IN_F_RI_01_2 584 244 108
035_IP5_IN_F_RI_01_3 556 229 111
035_IP5_IN_F_RI_01_4 562 218 111
035_IP5_IN_R_RI_01_1 642 872 137
035_IP5_IN_R_RI_01_2 662 856 135
035_IP5_IN_R_RI_01_3 638 847 135
035_IP5_IN_R_RI_01_4 718 878 132
035_IP5_OU_F_RI_01_1 548 425 105
035_IP5_OU_F_RI_01_2 527 440 104
035_IP5_OU_F_RI_01_3 523 416 106
035_IP5_OU_F_RI_01_4 517 405 110
035_IP5_OU_R_RI_01_1 796 978 103
035_IP5_OU_R_RI_01_2 723 951 103
035_IP5_OU_R_RI_01_3 744 925 106
035_IP5_OU_R_RI_01_4 777 899 106
036_IP5_IN_F_RI_01_1 767 744 63
036_IP5_IN_F_RI_01_2 776 751 62
036_IP5_IN_F_RI_01_3 793 755 63
036_IP5_IN_F_RI_01_4 800 742 63
036_IP5_IN_F_RI_01_5 794 755 63
036_IP5_IN_F_RI_01_6 797 748 64
036_IP5_IN_R_RI_01_1 900 1193 76
036_IP5_IN_R_RI_01_2 895 1160 77
036_IP5_IN_R_RI_01_3 887 1137 76
036_IP5_IN_R_RI_01_4 899 1145 74
036_IP5_OU_F_RI_01_1 672 751 59
036_IP5_OU_F_RI_01_2 650 676 58
036_IP5_OU_F_RI_01_3 639 679 58
036_IP5_OU_F_RI_01_4 639 675 58
036_IP5_OU_R_RI_01_1 778 940 125
036_IP5_OU_R_RI_01_2 741 868 130
036_IP5_OU_R_RI_01_3 758 866 135
036_IP5_OU_R_RI_01_4 758 874 130
037_IP5_IN_F_RI_01_1 450 236 79
037_IP5_IN_F_RI_01_2 480 225 78
037_IP5_IN_F_RI_01_3 453 225 77
037_IP5_IN_F_RI_01_4 470 202 80
037_IP5_IN_R_RI_01_1 758 987 121
037_IP5_IN_R_RI_01_2 784 928 130
037_IP5_IN_R_RI_01_3 837 931 143
037_IP5_IN_R_RI_01_4 834 931 147
037_IP5_IN_R_RI_01_5 857 906 141
037_IP5_IN_R_RI_01_6 813 939 142
037_IP5_OU_F_RI_01_1 534 372 85
037_IP5_OU_F_RI_01_2 543 354 85
037_IP5_OU_F_RI_01_3 529 358 85
037_IP5_OU_F_RI_01_4 521 336 88
037_IP5_OU_R_RI_01_1 355 698 130
037_IP5_OU_R_RI_01_2 442 681 135
037_IP5_OU_R_RI_01_3 380 678 139
037_IP5_OU_R_RI_01_4 421 664 140
037_IP5_OU_R_RI_01_5 377 642 129
037_IP5_OU_R_RI_01_6 476 636 142
038_IP5_IN_F_RI_01_1 460 390 97
038_IP5_IN_F_RI_01_2 466 381 98
038_IP5_IN_F_RI_01_3 454 352 100
038_IP5_IN_F_RI_01_4 448 371 101
038_IP5_IN_R_RI_01_1 899 758 138
038_IP5_IN_R_RI_01_2 825 724 138
038_IP5_IN_R_RI_01_3 830 720 140
038_IP5_IN_R_RI_01_4 810 727 141
038_IP5_OU_F_RI_01_1 459 328 111
038_IP5_OU_F_RI_01_2 492 355 112
038_IP5_OU_F_RI_01_3 470 343 108
038_IP5_OU_F_RI_01_4 451 356 107
038_IP5_OU_R_RI_01_1 621 436 125
038_IP5_OU_R_RI_01_2 560 320 154
038_IP5_OU_R_RI_01_3 472 406 146
038_IP5_OU_R_RI_01_4 567 425 154
039_IP5_IN_F_RI_01_1 427 757 70
039_IP5_IN_F_RI_01_2 416 772 72
039_IP5_IN_F_RI_01_3 408 779 72
039_IP5_IN_F_RI_01_4 391 769 72
039_IP5_IN_F_RI_01_5 376 773 72
039_IP5_IN_R_RI_01_1 672 1086 143
039_IP5_IN_R_RI_01_2 625 1132 142
039_IP5_IN_R_RI_01_3 633 1110 139
039_IP5_IN_R_RI_01_4 629 1145 139
039_IP5_OU_F_RI_01_1 452 663 95
039_IP5_OU_F_RI_01_2 440 673 93
039_IP5_OU_F_RI_01_3 430 672 92
039_IP5_OU_F_RI_01_4 426 684 91
039_IP5_OU_R_RI_01_1 536 933 187
039_IP5_OU_R_RI_01_2 373 930 184
039_IP5_OU_R_RI_01_3 182 952 180
039_IP5_OU_R_RI_01_4 152 961 151
040_IP5_IN_F_RI_01_1 439 340 72
040_IP5_IN_F_RI_01_2 460 335 73
040_IP5_IN_F_RI_01_3 453 333 73
040_IP5_IN_F_RI_01_4 452 327 74
040_IP5_IN_F_RI_01_5 443 324 75
040_IP5_IN_R_RI_01_1 625 1039 126
040_IP5_IN_R_RI_01_2 637 1001 128
040_IP5_IN_R_RI_01_3 664 955 129
040_IP5_IN_R_RI_01_4 655 934 131
040_IP5_OU_F_RI_01_1 495 169 113
040_IP5_OU_F_RI_01_2 512 157 119
040_IP5_OU_F_RI_01_3 490 295 132
040_IP5_OU_F_RI_01_4 470 293 133
040_IP5_OU_R_RI_01_1 852 599 256
040_IP5_OU_R_RI_01_2 843 563 259
040_IP5_OU_R_RI_01_3 827 548 258
040_IP5_OU_R_RI_01_4 798 495 274
040_IP5_OU_R_RI_01_5 834 477 227
040_IP5_OU_R_RI_01_6 546 413 238
040_IP5_OU_R_RI_01_7 614 822 247
040_IP5_OU_R_RI_01_8 557 829 259
041_IP5_IN_F_RI_01_1 555 593 62
041_IP5_IN_F_RI_01_2 549 587 58
041_IP5_IN_F_RI_01_3 565 597 57
041_IP5_IN_F_RI_01_4 548 562 58
041_IP5_IN_R_RI_01_1 698 971 124
041_IP5_IN_R_RI_01_2 771 961 122
041_IP5_IN_R_RI_01_3 764 922 127
041_IP5_IN_R_RI_01_4 743 874 122
041_IP5_OU_F_RI_01_1 436 629 89
041_IP5_OU_F_RI_01_2 381 663 84
041_IP5_OU_F_RI_01_3 385 653 87
041_IP5_OU_F_RI_01_4 394 643 85
041_IP5_OU_R_RI_01_1 631 571 113
041_IP5_OU_R_RI_01_2 686 530 110
041_IP5_OU_R_RI_01_3 641 512 114
041_IP5_OU_R_RI_01_4 570 480 114
042_IP5_IN_F_RI_01_1 486 478 73
042_IP5_IN_F_RI_01_2 452 520 70
042_IP5_IN_F_RI_01_3 422 523 81
042_IP5_IN_F_RI_01_4 414 524 79
042_IP5_IN_R_RI_01_1 595 1107 124
042_IP5_IN_R_RI_01_2 340 1088 114
042_IP5_IN_R_RI_01_3 604 941 113
042_IP5_IN_R_RI_01_4 470 955 114
042_IP5_OU_F_RI_01_1 417 577 99
042_IP5_OU_F_RI_01_2 400 553 104
042_IP5_OU_F_RI_01_3 444 525 112
042_IP5_OU_F_RI_01_4 423 525 114
042_IP5_OU_R_RI_01_1 566 769 167
042_IP5_OU_R_RI_01_2 571 778 180
042_IP5_OU_R_RI_01_3 632 777 176
042_IP5_OU_R_RI_01_4 705 733 187
043_IP5_IN_F_LI_01_1 569 772 58
043_IP5_IN_F_LI_01_2 569 763 59
043_IP5_IN_F_LI_01_3 548 704 56
043_IP5_IN_F_LI_01_4 554 707 55
043_IP5_IN_F_LI_01_5 532 698 57
043_IP5_IN_F_LI_01_6 553 689 55
043_IP5_IN_R_LI_01_1 741 1083 97
043_IP5_IN_R_LI_01_2 774 1062 99
043_IP5_IN_R_LI_01_3 786 1051 99
043_IP5_IN_R_LI_01_4 746 1036 98
043_IP5_OU_F_LI_01_1 517 396 77
043_IP5_OU_F_LI_01_2 531 376 77
043_IP5_OU_F_LI_01_3 539 379 78
043_IP5_OU_F_LI_01_4 540 354 80
043_IP5_OU_R_LI_01_1 671 636 101
043_IP5_OU_R_LI_01_2 665 565 106
043_IP5_OU_R_LI_01_3 653 537 109
043_IP5_OU_R_LI_01_4 616 517 110
044_IP5_IN_F_LI_01_1 640 558 64
044_IP5_IN_F_LI_01_2 642 558 63
044_IP5_IN_F_LI_01_3 644 553 63
044_IP5_IN_F_LI_01_4 628 561 62
044_IP5_IN_R_LI_01_1 775 1061 85
044_IP5_IN_R_LI_01_2 778 1016 85
044_IP5_IN_R_LI_01_3 748 1031 85
044_IP5_IN_R_LI_01_4 720 1026 82
044_IP5_OU_F_LI_01_1 654 291 105
044_IP5_OU_F_LI_01_2 661 342 106
044_IP5_OU_F_LI_01_3 663 348 101
044_IP5_OU_F_LI_01_4 681 319 105
044_IP5_OU_R_LI_01_1 494 747 179
044_IP5_OU_R_LI_01_2 484 674 194
044_IP5_OU_R_LI_01_3 471 626 196
044_IP5_OU_R_LI_01_4 541 639 199
045_IP5_IN_F_LI_01_1 477 490 70
045_IP5_IN_F_LI_01_2 464 492 69
045_IP5_IN_F_LI_01_3 490 505 67
045_IP5_IN_F_LI_01_4 479 481 68
045_IP5_IN_R_LI_01_1 629 972 129
045_IP5_IN_R_LI_01_2 554 926 136
045_IP5_IN_R_LI_01_3 500 945 131
045_IP5_IN_R_LI_01_4 435 898 139
045_IP5_OU_F_LI_01_1 688 767 115
045_IP5_OU_F_LI_01_2 414 486 71
045_IP5_OU_F_LI_01_3 392 477 70
045_IP5_OU_F_LI_01_4 370 474 70
045_IP5_OU_R_LI_01_1 622 680 115
045_IP5_OU_R_LI_01_2 708 740 116
045_IP5_OU_R_LI_01_3 745 755 112
045_IP5_OU_R_LI_01_4 732 764 114
046_IP5_IN_F_LI_01_1 681 518 74
046_IP5_IN_F_LI_01_2 668 522 72
046_IP5_IN_F_LI_01_3 666 525 71
046_IP5_IN_F_LI_01_4 667 533 70
046_IP5_IN_R_LI_01_1 681 644 121
046_IP5_IN_R_LI_01_2 741 663 124
046_IP5_IN_R_LI_01_3 799 643 123
046_IP5_IN_R_LI_01_4 776 638 124
046_IP5_OU_F_LI_01_1 501 548 96
046_IP5_OU_F_LI_01_2 493 562 95
046_IP5_OU_F_LI_01_3 488 563 94
046_IP5_OU_F_LI_01_4 499 581 93
046_IP5_OU_R_LI_01_1 652 776 162
046_IP5_OU_R_LI_01_2 688 781 164
046_IP5_OU_R_LI_01_3 710 779 162
046_IP5_OU_R_LI_01_4 713 772 162
047_IP5_IN_F_LI_01_1 539 473 86
047_IP5_IN_F_LI_01_2 553 475 88
047_IP5_IN_F_LI_01_3 564 470 89
047_IP5_IN_F_LI_01_4 553 458 88
047_IP5_IN_R_LI_01_1 824 710 151
047_IP5_IN_R_LI_01_2 843 689 163
047_IP5_IN_R_LI_01_3 834 900 110
047_IP5_IN_R_LI_01_4 896 849 106
047_IP5_IN_R_LI_01_5 907 820 112
047_IP5_IN_R_LI_01_6 922 789 112
047_IP5_OU_F_LI_01_1 376 433 100
047_IP5_OU_F_LI_01_2 369 376 102
047_IP5_OU_F_LI_01_3 371 368 104
047_IP5_OU_F_LI_01_4 360 352 105
047_IP5_OU_R_LI_01_1 537 418 128
047_IP5_OU_R_LI_01_2 539 389 133
047_IP5_OU_R_LI_01_3 509 312 137
047_IP5_OU_R_LI_01_4 529 261 137
048_IP5_IN_F_RI_01_1 590 685 61
048_IP5_IN_F_RI_01_2 637 674 65
048_IP5_IN_F_RI_01_3 581 588 67
048_IP5_IN_F_RI_01_4 574 587 67
048_IP5_IN_R_RI_01_1 561 702 150
048_IP5_IN_R_RI_01_2 590 700 151
048_IP5_IN_R_RI_01_3 543 685 148
048_IP5_IN_R_RI_01_4 479 716 145
048_IP5_OU_F_RI_01_1 726 583 69
048_IP5_OU_F_RI_01_2 750 588 68
048_IP5_OU_F_RI_01_3 763 587 70
048_IP5_OU_F_RI_01_4 735 561 71
048_IP5_OU_R_RI_01_1 711 935 99
048_IP5_OU_R_RI_01_2 639 893 99
048_IP5_OU_R_RI_01_3 664 875 104
048_IP5_OU_R_RI_01_4 626 877 100
049_IP5_IN_F_RI_01_1 434 537 125
049_IP5_IN_F_RI_01_2 426 545 127
049_IP5_IN_F_RI_01_3 438 559 128
049_IP5_IN_F_RI_01_4 391 556 130
049_IP5_IN_R_RI_01_1 1169 2065 284
049_IP5_IN_R_RI_01_2 1189 2068 280
049_IP5_IN_R_RI_01_3 1209 2063 274
049_IP5_IN_R_RI_01_4 1209 2093 276
049_IP5_OU_F_RI_01_1 558 538 81
049_IP5_OU_F_RI_01_2 553 539 78
049_IP5_OU_F_RI_01_3 542 517 79
049_IP5_OU_F_RI_01_4 516 513 80
049_IP5_OU_R_RI_01_1 1741 1173 220
049_IP5_OU_R_RI_01_2 1749 1224 221
049_IP5_OU_R_RI_01_3 1485 1202 219
049_IP5_OU_R_RI_01_4 1435 1187 219
050_IP5_IN_F_RI_01_1 586 344 90
050_IP5_IN_F_RI_01_2 583 334 93
050_IP5_IN_F_RI_01_3 584 339 91
050_IP5_IN_F_RI_01_4 594 326 92
050_IP5_IN_R_RI_01_1 1411 1404 224
050_IP5_IN_R_RI_01_2 1410 1321 235
050_IP5_IN_R_RI_01_3 1298 1394 228
050_IP5_IN_R_RI_01_4 1288 1418 224
050_IP5_OU_F_RI_01_1 544 448 106
050_IP5_OU_F_RI_01_2 569 494 102
050_IP5_OU_F_RI_01_3 545 456 104
050_IP5_OU_F_RI_01_4 540 442 105
050_IP5_OU_R_RI_01_1 1116 1213 225
050_IP5_OU_R_RI_01_2 959 1199 223
050_IP5_OU_R_RI_01_3 946 1212 222
050_IP5_OU_R_RI_01_4 939 1199 224
051_IP5_IN_F_RI_01_1 488 486 99
051_IP5_IN_F_RI_01_2 494 494 98
051_IP5_IN_F_RI_01_3 497 499 98
051_IP5_IN_F_RI_01_4 485 508 97
051_IP5_IN_R_RI_01_1 877 1418 302
051_IP5_IN_R_RI_01_2 879 1429 301
051_IP5_IN_R_RI_01_3 865 1415 307
051_IP5_IN_R_RI_01_4 861 1422 305
051_IP5_IN_R_RI_01_5 853 1414 302
051_IP5_OU_F_RI_01_1 373 487 89
051_IP5_OU_F_RI_01_2 376 481 87
051_IP5_OU_F_RI_01_3 377 470 88
051_IP5_OU_F_RI_01_4 369 464 88
051_IP5_OU_R_RI_01_1 1404 1167 248
051_IP5_OU_R_RI_01_2 1369 1126 252
051_IP5_OU_R_RI_01_3 1378 1139 253
051_IP5_OU_R_RI_01_4 1398 1140 254
051_IP5_OU_R_RI_01_5 1278 1312 192
052_IP5_IN_F_RI_01_1 635 589 115
052_IP5_IN_F_RI_01_2 627 573 113
052_IP5_IN_F_RI_01_3 619 561 117
052_IP5_IN_F_RI_01_4 594 539 114
052_IP5_IN_R_RI_01_1 921 1502 261
052_IP5_IN_R_RI_01_2 840 1459 271
052_IP5_IN_R_RI_01_3 851 1440 271
052_IP5_IN_R_RI_01_4 843 1425 276
052_IP5_IN_R_RI_01_5 824 1382 277
052_IP5_OU_F_RI_01_1 484 574 121
052_IP5_OU_F_RI_01_2 450 522 139
052_IP5_OU_F_RI_01_3 411 525 140
052_IP5_OU_F_RI_01_4 462 519 143
052_IP5_OU_R_RI_01_1 1572 1372 387
052_IP5_OU_R_RI_01_2 1682 1236 431
052_IP5_OU_R_RI_01_3 1511 1170 492
052_IP5_OU_R_RI_01_4 1479 1052 483
053_IP5_IN_F_RI_01_1 547 683 92
053_IP5_IN_F_RI_01_2 540 709 98
053_IP5_IN_F_RI_01_3 536 690 97
053_IP5_IN_F_RI_01_4 530 680 101
053_IP5_IN_R_RI_01_1 1705 1608 227
053_IP5_IN_R_RI_01_2 1743 1604 229
053_IP5_IN_R_RI_01_3 1755 1602 236
053_IP5_IN_R_RI_01_4 1897 1655 235
053_IP5_OU_F_RI_01_1 487 396 90
053_IP5_OU_F_RI_01_2 499 382 88
053_IP5_OU_F_RI_01_3 518 402 86
053_IP5_OU_F_RI_01_4 506 404 85
053_IP5_OU_R_RI_01_1 1122 1316 177
053_IP5_OU_R_RI_01_2 1060 1251 182
053_IP5_OU_R_RI_01_3 1104 1213 181
053_IP5_OU_R_RI_01_4 1059 1163 184
054_IP5_IN_F_LI_01_1 383 911 87
054_IP5_IN_F_LI_01_2 473 839 75
054_IP5_IN_F_LI_01_3 300 798 71
054_IP5_IN_F_LI_01_4 296 811 69
054_IP5_IN_F_LI_01_5 486 812 69
054_IP5_IN_F_LI_01_6 477 760 76
054_IP5_IN_R_LI_01_1 1023 1979 224
054_IP5_IN_R_LI_01_2 956 1975 230
054_IP5_IN_R_LI_01_3 929 1998 228
054_IP5_IN_R_LI_01_4 950 1979 233
054_IP5_OU_F_LI_01_1 446 599 101
054_IP5_OU_F_LI_01_2 566 566 105
054_IP5_OU_F_LI_01_3 667 605 103
054_IP5_OU_F_LI_01_4 606 613 100
054_IP5_OU_R_LI_01_1 1419 1541 229
054_IP5_OU_R_LI_01_2 1582 1506 250
054_IP5_OU_R_LI_01_3 1427 1446 251
054_IP5_OU_R_LI_01_4 1530 1466 253
055_IP5_IN_F_LI_01_1 639 574 94
055_IP5_IN_F_LI_01_2 702 523 99
055_IP5_IN_F_LI_01_3 679 528 99
055_IP5_IN_F_LI_01_4 666 503 101
055_IP5_IN_R_LI_01_1 1292 1747 267
055_IP5_IN_R_LI_01_2 1421 1807 259
055_IP5_IN_R_LI_01_3 1515 1761 260
055_IP5_IN_R_LI_01_4 1710 1796 266
055_IP5_OU_F_LI_01_1 570 434 115
055_IP5_OU_F_LI_01_2 574 431 118
055_IP5_OU_F_LI_01_3 590 435 119
055_IP5_OU_F_LI_01_4 595 438 122
055_IP5_OU_R_LI_01_1 1231 1576 235
055_IP5_OU_R_LI_01_2 1243 1553 242
055_IP5_OU_R_LI_01_3 1198 1541 232
055_IP5_OU_R_LI_01_4 1192 1609 226
056_IP5_IN_F_LI_01_1 520 650 83
056_IP5_IN_F_LI_01_2 511 631 83
056_IP5_IN_F_LI_01_3 530 622 83
056_IP5_IN_F_LI_01_4 533 613 82
056_IP5_IN_R_LI_01_1 1002 1537 249
056_IP5_IN_R_LI_01_2 1244 1589 232
056_IP5_IN_R_LI_01_3 1137 1446 238
056_IP5_IN_R_LI_01_4 1400 1580 227
056_IP5_OU_F_LI_01_1 267 461 98
056_IP5_OU_F_LI_01_2 239 459 99
056_IP5_OU_F_LI_01_3 218 465 104
056_IP5_OU_F_LI_01_4 244 438 108
056_IP5_OU_R_LI_01_1 839 1215 223
056_IP5_OU_R_LI_01_2 898 1203 218
056_IP5_OU_R_LI_01_3 846 1264 227
056_IP5_OU_R_LI_01_4 823 1289 222
057_IP5_IN_F_RI_01_1 522 545 73
057_IP5_IN_F_RI_01_2 529 523 80
057_IP5_IN_F_RI_01_3 524 551 58
057_IP5_IN_F_RI_01_4 540 505 79
057_IP5_IN_R_RI_01_1 1271 1438 273
057_IP5_IN_R_RI_01_2 1295 1456 259
057_IP5_IN_R_RI_01_3 1369 1525 258
057_IP5_IN_R_RI_01_4 1370 1487 262
057_IP5_OU_F_RI_01_1 586 586 83
057_IP5_OU_F_RI_01_2 637 557 90
057_IP5_OU_F_RI_01_3 638 566 92
057_IP5_OU_F_RI_01_4 624 550 92
057_IP5_OU_R_RI_01_1 1554 1638 259
057_IP5_OU_R_RI_01_2 1509 1554 269
057_IP5_OU_R_RI_01_3 1435 1547 273
057_IP5_OU_R_RI_01_4 1454 1406 293
057_IP5_OU_R_RI_01_5 1598 1506 294
058_IP5_IN_F_LI_01_1 623 514 83
058_IP5_IN_F_LI_01_2 627 502 84
058_IP5_IN_F_LI_01_3 614 519 82
058_IP5_IN_F_LI_01_4 614 523 81
058_IP5_IN_F_LI_01_5 615 525 82
058_IP5_IN_R_LI_01_1 1214 1365 263
058_IP5_IN_R_LI_01_2 1220 1343 263
058_IP5_IN_R_LI_01_3 1286 1374 257
058_IP5_IN_R_LI_01_4 1389 1392 262
058_IP5_OU_F_LI_01_1 502 640 77
058_IP5_OU_F_LI_01_2 552 621 82
058_IP5_OU_F_LI_01_3 550 614 81
058_IP5_OU_F_LI_01_4 535 606 81
058_IP5_OU_R_LI_01_1 1425 1527 182
058_IP5_OU_R_LI_01_2 1405 1537 186
058_IP5_OU_R_LI_01_3 1454 1554 182
058_IP5_OU_R_LI_01_4 1396 1532 181
059_IP5_IN_F_RI_01_1 490 624 101
059_IP5_IN_F_RI_01_2 452 629 100
059_IP5_IN_F_RI_01_3 450 593 97
059_IP5_IN_F_RI_01_4 423 588 101
059_IP5_IN_R_RI_01_1 1091 1363 252
059_IP5_IN_R_RI_01_2 1223 1596 251
059_IP5_IN_R_RI_01_3 1289 1606 242
059_IP5_IN_R_RI_01_4 1131 1444 252
059_IP5_OU_F_RI_01_1 515 130 109
059_IP5_OU_F_RI_01_2 561 174 110
059_IP5_OU_F_RI_01_3 479 176 112
059_IP5_OU_F_RI_01_4 451 162 117
059_IP5_OU_R_RI_01_1 1382 1049 242
059_IP5_OU_R_RI_01_2 1392 1197 222
059_IP5_OU_R_RI_01_3 1337 1201 226
059_IP5_OU_R_RI_01_4 1284 1121 231
060_IP5_IN_F_RI_01_1 656 500 113
060_IP5_IN_F_RI_01_2 635 463 113
060_IP5_IN_F_RI_01_3 640 414 117
060_IP5_IN_F_RI_01_4 670 397 117
060_IP5_IN_R_RI_01_1 1724 1298 295
060_IP5_IN_R_RI_01_2 1771 1359 281
060_IP5_IN_R_RI_01_3 1907 1384 286
060_IP5_IN_R_RI_01_4 1909 1341 286
060_IP5_OU_F_RI_01_1 514 583 91
060_IP5_OU_F_RI_01_2 536 479 97
060_IP5_OU_F_RI_01_3 574 502 95
060_IP5_OU_F_RI_01_4 581 504 93
060_IP5_OU_R_RI_01_1 1005 1842 282
060_IP5_OU_R_RI_01_2 1076 1843 278
060_IP5_OU_R_RI_01_3 1115 1774 286
060_IP5_OU_R_RI_01_4 1067 1735 288
061_IP5_IN_F_RI_01_1 274 554 59
061_IP5_IN_F_RI_01_2 335 547 58
061_IP5_IN_F_RI_01_3 373 541 58
061_IP5_IN_F_RI_01_4 393 544 58
061_IP5_IN_R_RI_01_1 1428 1560 147
061_IP5_IN_R_RI_01_2 1217 1527 140
061_IP5_IN_R_RI_01_3 1235 1537 140
061_IP5_IN_R_RI_01_4 1286 1504 139
061_IP5_IN_R_RI_01_5 1347 1500 140
061_IP5_OU_F_RI_01_1 667 684 76
061_IP5_OU_F_RI_01_2 680 683 78
061_IP5_OU_F_RI_01_3 677 677 78
061_IP5_OU_F_RI_01_4 643 665 78
061_IP5_OU_R_RI_01_1 750 1474 158
061_IP5_OU_R_RI_01_2 830 1435 210
061_IP5_OU_R_RI_01_3 922 1414 208
061_IP5_OU_R_RI_01_4 858 1397 214
062_IP5_IN_F_RI_01_1 592 577 70
062_IP5_IN_F_RI_01_2 553 564 69
062_IP5_IN_F_RI_01_3 502 564 66
062_IP5_IN_F_RI_01_4 439 576 61
062_IP5_IN_F_RI_01_5 548 490 65
062_IP5_IN_R_RI_01_1 1032 1586 151
062_IP5_IN_R_RI_01_2 1000 1558 200
062_IP5_IN_R_RI_01_3 1057 1569 198
062_IP5_IN_R_RI_01_4 1088 1591 192
062_IP5_OU_F_RI_01_1 635 556 63
062_IP5_OU_F_RI_01_2 576 514 63
062_IP5_OU_F_RI_01_3 569 514 63
062_IP5_OU_F_RI_01_4 548 495 65
062_IP5_OU_R_RI_01_1 1041 1242 155
062_IP5_OU_R_RI_01_2 1292 1324 184
062_IP5_OU_R_RI_01_3 1134 1292 182
062_IP5_OU_R_RI_01_4 1138 1334 182
062_IP5_OU_R_RI_01_5 1128 1325 176
063_IP5_IN_F_RI_01_1 464 361 71
063_IP5_IN_F_RI_01_2 661 358 80
063_IP5_IN_F_RI_01_3 611 362 79
063_IP5_IN_F_RI_01_4 598 346 79
063_IP5_IN_R_RI_01_2 1557 1151 196
063_IP5_IN_R_RI_01_3 1605 952 217
063_IP5_IN_R_RI_01_4 1464 900 217
063_IP5_IN_R_RI_01_5 1408 819 222
063_IP5_OU_F_RI_01_1 723 449 60
063_IP5_OU_F_RI_01_2 718 453 60
063_IP5_OU_F_RI_01_3 718 450 60
063_IP5_OU_F_RI_01_4 727 453 60
063_IP5_OU_R_RI_01_1 1449 797 200
063_IP5_OU_R_RI_01_2 1289 730 195
063_IP5_OU_R_RI_01_3 1267 863 180
063_IP5_OU_R_RI_01_4 1394 813 182
064_IP5_IN_F_RI_01_1 462 580 69
064_IP5_IN_F_RI_01_2 445 581 72
064_IP5_IN_F_RI_01_3 449 582 72
064_IP5_IN_F_RI_01_4 442 574 75
064_IP5_IN_R_RI_01_1 1154 1436 237
064_IP5_IN_R_RI_01_2 1175 1411 249
064_IP5_IN_R_RI_01_3 1098 1336 246
064_IP5_IN_R_RI_01_4 1105 1308 255
064_IP5_OU_F_RI_01_1 528 479 80
064_IP5_OU_F_RI_01_2 465 469 75
064_IP5_OU_F_RI_01_3 573 456 77
064_IP5_OU_F_RI_01_4 578 509 75
064_IP5_OU_R_RI_01_1 1288 660 217
064_IP5_OU_R_RI_01_2 1136 733 192
064_IP5_OU_R_RI_01_3 1115 762 169
064_IP5_OU_R_RI_01_4 951 835 195
065_IP5_IN_F_RI_01_1 557 412 91
065_IP5_IN_F_RI_01_2 552 404 92
065_IP5_IN_F_RI_01_3 538 410 91
065_IP5_IN_F_RI_01_4 513 419 93
065_IP5_IN_R_RI_01_1 1318 1432 217
065_IP5_IN_R_RI_01_2 1224 1377 219
065_IP5_IN_R_RI_01_3 1274 1428 219
065_IP5_IN_R_RI_01_4 1355 1440 201
065_IP5_IN_R_RI_01_5 1362 1459 190
065_IP5_OU_F_RI_01_1 486 524 81
065_IP5_OU_F_RI_01_2 468 522 82
065_IP5_OU_F_RI_01_3 456 526 82
065_IP5_OU_F_RI_01_4 459 542 83
065_IP5_OU_R_RI_01_1 1340 1344 200
065_IP5_OU_R_RI_01_2 1219 1370 191
065_IP5_OU_R_RI_01_3 1196 1373 194
065_IP5_OU_R_RI_01_4 1255 1403 194
066_IP5_IN_F_RI_01_1 515 457 95
066_IP5_IN_F_RI_01_2 455 456 110
066_IP5_IN_F_RI_01_3 412 524 115
066_IP5_IN_F_RI_01_4 386 559 118
066_IP5_IN_R_RI_01_1 1278 1467 165
066_IP5_IN_R_RI_01_2 1218 1483 169
066_IP5_IN_R_RI_01_3 1202 1481 173
066_IP5_IN_R_RI_01_4 1243 1476 174
066_IP5_OU_F_RI_01_1 452 679 147
066_IP5_OU_F_RI_01_2 390 697 137
066_IP5_OU_F_RI_01_3 439 661 134
066_IP5_OU_F_RI_01_4 390 661 164
066_IP5_OU_F_RI_01_5 406 597 123
066_IP5_OU_R_RI_01_1 1089 1397 365
066_IP5_OU_R_RI_01_2 1195 1291 292
066_IP5_OU_R_RI_01_3 1260 1426 349
066_IP5_OU_R_RI_01_4 1205 1495 329
066_IP5_OU_R_RI_01_5 1043 1391 384
067_IP5_IN_F_RI_01_1 415 472 80
067_IP5_IN_F_RI_01_2 449 447 75
067_IP5_IN_F_RI_01_3 469 478 77
067_IP5_IN_F_RI_01_4 481 429 81
067_IP5_IN_R_RI_01_1 980 1052 188
067_IP5_IN_R_RI_01_2 893 1039 189
067_IP5_IN_R_RI_01_3 892 1000 192
067_IP5_IN_R_RI_01_4 915 984 197
067_IP5_OU_F_RI_01_1 376 550 81
067_IP5_OU_F_RI_01_2 432 525 83
067_IP5_OU_F_RI_01_3 448 526 80
067_IP5_OU_F_RI_01_4 467 528 80
067_IP5_OU_R_RI_01_1 1258 1174 160
067_IP5_OU_R_RI_01_2 1406 1101 176
067_IP5_OU_R_RI_01_3 1291 1071 166
067_IP5_OU_R_RI_01_4 1292 1260 143
067_IP5_OU_R_RI_01_5 1159 1229 136
068_IP5_IN_F_RI_01_1 428 524 115
068_IP5_IN_F_RI_01_2 456 534 116
068_IP5_IN_F_RI_01_3 422 558 115
068_IP5_IN_F_RI_01_4 451 586 114
068_IP5_IN_R_RI_01_1 968 1362 275
068_IP5_IN_R_RI_01_2 1061 1451 284
068_IP5_IN_R_RI_01_3 1056 1453 293
068_IP5_IN_R_RI_01_4 1108 1488 294
068_IP5_OU_F_RI_01_1 452 655 75
068_IP5_OU_F_RI_01_2 370 608 77
068_IP5_OU_F_RI_01_3 354 606 76
068_IP5_OU_F_RI_01_4 365 610 75
068_IP5_OU_R_RI_01_1 891 1397 180
068_IP5_OU_R_RI_01_2 826 1423 173
068_IP5_OU_R_RI_01_3 800 1401 176
068_IP5_OU_R_RI_01_4 802 1471 170
068_IP5_OU_R_RI_01_5 781 1417 170
069_IP5_IN_F_RI_01_1 255 461 112
069_IP5_IN_F_RI_01_2 262 467 108
069_IP5_IN_F_RI_01_3 265 452 109
069_IP5_IN_F_RI_01_4 275 456 109
069_IP5_IN_R_RI_01_1 933 1007 230
069_IP5_IN_R_RI_01_2 927 1028 232
069_IP5_IN_R_RI_01_3 882 1019 233
069_IP5_IN_R_RI_01_4 830 963 238
069_IP5_OU_F_RI_01_1 273 324 117
069_IP5_OU_F_RI_01_2 347 301 139
069_IP5_OU_F_RI_01_3 296 263 135
069_IP5_OU_F_RI_01_4 438 264 122
069_IP5_OU_R_RI_01_1 1178 864 311
069_IP5_OU_R_RI_01_2 705 683 333
069_IP5_OU_R_RI_01_3 937 1039 298
069_IP5_OU_R_RI_01_4 873 880 298
070_IP5_IN_F_RI_01_1 568 392 138
070_IP5_IN_F_RI_01_2 571 366 136
070_IP5_IN_F_RI_01_3 562 375 136
070_IP5_IN_F_RI_01_4 565 387 136
070_IP5_IN_R_RI_01_1 1560 1614 240
070_IP5_IN_R_RI_01_2 1579 1593 241
070_IP5_IN_R_RI_01_3 1602 1585 246
070_IP5_IN_R_RI_01_4 1615 1562 249
070_IP5_OU_F_RI_01_1 672 253 122
070_IP5_OU_F_RI_01_2 664 244 123
070_IP5_OU_F_RI_01_3 661 228 125
070_IP5_OU_F_RI_01_4 650 231 125
070_IP5_OU_R_RI_01_1 1191 882 459
070_IP5_OU_R_RI_01_2 1482 890 358
070_IP5_OU_R_RI_01_3 1558 860 362
070_IP5_OU_R_RI_01_4 1462 855 368
070_IP5_OU_R_RI_01_5 1429 823 371
071_IP5_IN_F_RI_01_1 425 545 120
071_IP5_IN_F_RI_01_2 484 487 130
071_IP5_IN_F_RI_01_3 462 486 129
071_IP5_IN_F_RI_01_4 484 487 129
071_IP5_IN_R_RI_01_1 947 1296 232
071_IP5_IN_R_RI_01_2 816 1120 256
071_IP5_IN_R_RI_01_3 816 1103 261
071_IP5_IN_R_RI_01_4 859 1074 265
071_IP5_IN_R_RI_01_5 880 1046 275
071_IP5_OU_F_RI_01_1 437 416 125
071_IP5_OU_F_RI_01_2 508 414 126
071_IP5_OU_F_RI_01_3 503 418 124
071_IP5_OU_F_RI_01_4 568 410 127
071_IP5_OU_R_RI_01_1 1145 1106 401
071_IP5_OU_R_RI_01_2 1115 1152 414
071_IP5_OU_R_RI_01_3 1064 1141 431
071_IP5_OU_R_RI_01_4 1032 1101 441
072_IP5_IN_F_RI_01_1 509 605 136
072_IP5_IN_F_RI_01_2 515 617 139
072_IP5_IN_F_RI_01_3 521 607 141
072_IP5_IN_F_RI_01_4 514 603 140
072_IP5_IN_R_RI_01_1 1116 1425 338
072_IP5_IN_R_RI_01_2 1264 1472 298
072_IP5_IN_R_RI_01_3 1147 1485 286
072_IP5_IN_R_RI_01_4 1257 1504 292
072_IP5_IN_R_RI_01_5 1209 1489 302
072_IP5_OU_F_RI_01_1 504 546 102
072_IP5_OU_F_RI_01_2 450 502 116
072_IP5_OU_F_RI_01_3 433 502 119
072_IP5_OU_F_RI_01_4 418 490 117
072_IP5_OU_R_RI_01_1 1148 1011 283
072_IP5_OU_R_RI_01_2 1159 933 293
072_IP5_OU_R_RI_01_3 1193 966 316
072_IP5_OU_R_RI_01_4 1243 979 324
073_IP5_IN_F_RI_01_1 485 516 83
073_IP5_IN_F_RI_01_2 502 522 80
073_IP5_IN_F_RI_01_3 513 512 81
073_IP5_IN_F_RI_01_4 518 511 81
073_IP5_IN_R_RI_01_1 1324 1850 140
073_IP5_IN_R_RI_01_2 1326 1669 153
073_IP5_IN_R_RI_01_3 1310 1620 149
073_IP5_IN_R_RI_01_4 1355 1617 154
073_IP5_OU_F_RI_01_1 448 543 78
073_IP5_OU_F_RI_01_2 451 470 77
073_IP5_OU_F_RI_01_3 483 455 77
073_IP5_OU_F_RI_01_4 441 473 77
073_IP5_OU_R_RI_01_1 1429 972 253
073_IP5_OU_R_RI_01_2 1242 915 262
073_IP5_OU_R_RI_01_3 1289 927 276
073_IP5_OU_R_RI_01_4 1234 889 296
074_IP5_IN_F_RI_01_1 269 465 96
074_IP5_IN_F_RI_01_2 375 468 93
074_IP5_IN_F_RI_01_3 414 436 96
074_IP5_IN_F_RI_01_4 405 440 96
074_IP5_IN_R_RI_01_1 1125 1073 231
074_IP5_IN_R_RI_01_2 1077 1111 226
074_IP5_IN_R_RI_01_3 947 1050 232
074_IP5_IN_R_RI_01_4 892 1016 228
074_IP5_OU_F_RI_01_1 368 521 114
074_IP5_OU_F_RI_01_2 346 513 111
074_IP5_OU_F_RI_01_3 294 500 109
074_IP5_OU_F_RI_01_4 233 492 104
074_IP5_OU_R_RI_01_1 1036 865 236
074_IP5_OU_R_RI_01_2 879 670 248
074_IP5_OU_R_RI_01_3 833 816 237
074_IP5_OU_R_RI_01_4 827 871 219
075_IP5_IN_F_LI_01_1 399 520 58
075_IP5_IN_F_LI_01_2 351 493 68
075_IP5_IN_F_LI_01_3 354 484 67
075_IP5_IN_F_LI_01_4 360 481 70
075_IP5_IN_F_LI_01_5 356 477 70
075_IP5_IN_R_LI_01_1 929 1768 186
075_IP5_IN_R_LI_01_2 913 1759 185
075_IP5_IN_R_LI_01_3 931 1744 185
075_IP5_IN_R_LI_01_4 980 1746 178
075_IP5_OU_F_LI_01_1 567 356 77
075_IP5_OU_F_LI_01_2 575 323 78
075_IP5_OU_F_LI_01_3 594 316 78
075_IP5_OU_F_LI_01_4 594 293 78
075_IP5_OU_R_LI_01_1 1030 673 200
075_IP5_OU_R_LI_01_2 1013 640 197
075_IP5_OU_R_LI_01_3 1047 599 203
075_IP5_OU_R_LI_01_4 1058 624 195
