001_GS4_IN_F_RI_01_1 452 1087 184
001_GS4_IN_F_RI_01_2 481 1054 187
001_GS4_IN_F_RI_01_3 585 1090 160
001_GS4_IN_F_RI_01_4 709 1124 219
001_GS4_IN_F_RI_02_1 413 1079 119
001_GS4_IN_F_RI_02_2 480 963 121
001_GS4_IN_F_RI_02_3 545 986 103
001_GS4_IN_F_RI_02_4 541 1041 124
001_GS4_IN_R_RI_01_1 1192 2135 290
001_GS4_IN_R_RI_01_2 1277 2138 311
001_GS4_IN_R_RI_01_3 1192 2131 303
001_GS4_IN_R_RI_01_4 1241 2081 395
001_GS4_IN_R_RI_01_5 1179 2086 198
001_GS4_IN_R_RI_01_6 1158 2137 206
001_GS4_IN_R_RI_01_7 1158 2104 202
001_GS4_IN_R_RI_01_8 1193 2066 224
001_GS4_IN_R_RI_02_1 1169 2107 282
001_GS4_IN_R_RI_02_2 1181 2012 372
001_GS4_IN_R_RI_02_3 1164 2161 241
001_GS4_IN_R_RI_02_4 1247 2071 297
001_GS4_IN_R_RI_02_5 1143 2020 219
001_GS4_OU_F_RI_01_1 640 1095 182
001_GS4_OU_F_RI_01_2 615 1088 146
001_GS4_OU_F_RI_01_3 449 1016 176
001_GS4_OU_F_RI_01_4 474 987 149
001_GS4_OU_R_RI_01_1 1123 2111 249
001_GS4_OU_R_RI_01_2 1221 2010 274
001_GS4_OU_R_RI_01_3 1185 2111 233
001_GS4_OU_R_RI_01_4 1164 2065 184
002_GS4_IN_F_LI_01_1 432 483 105
002_GS4_IN_F_LI_01_2 389 560 96
002_GS4_IN_F_LI_01_3 472 462 91
002_GS4_IN_F_LI_01_4 490 610 91
002_GS4_IN_R_LI_01_1 1186 1997 361
002_GS4_IN_R_LI_01_2 1346 1934 353
002_GS4_IN_R_LI_01_3 1082 1972 386
002_GS4_IN_R_LI_01_4 1208 2080 356
002_GS4_OU_F_LI_01_1 755 778 98
002_GS4_OU_F_LI_01_2 775 844 104
002_GS4_OU_F_LI_01_3 802 868 99
002_GS4_OU_F_LI_01_4 584 860 98
002_GS4_OU_R_LI_01_1 663 1721 266
002_GS4_OU_R_LI_01_2 591 1787 268
002_GS4_OU_R_LI_01_3 946 1865 259
002_GS4_OU_R_LI_01_4 901 1819 248
003_GS4_IN_F_RI_01_1 685 902 111
003_GS4_IN_F_RI_01_2 679 946 123
003_GS4_IN_F_RI_01_3 684 925 124
003_GS4_IN_F_RI_01_4 668 936 124
003_GS4_IN_R_RI_01_1 1124 2063 200
003_GS4_IN_R_RI_01_2 1137 2048 255
003_GS4_IN_R_RI_01_3 1151 2093 244
003_GS4_IN_R_RI_01_4 1168 2074 251
003_GS4_OU_F_RI_01_1 775 957 139
003_GS4_OU_F_RI_01_2 754 968 135
003_GS4_OU_F_RI_01_3 801 928 137
003_GS4_OU_F_RI_01_4 711 948 144
003_GS4_OU_R_RI_01_1 1127 2104 383
003_GS4_OU_R_RI_01_2 1160 2040 401
003_GS4_OU_R_RI_01_3 1159 2036 413
003_GS4_OU_R_RI_01_4 1228 1980 427
003_GS4_OU_R_RI_01_5 1171 1971 427
004_GS4_IN_F_LI_01_1 569 620 145
004_GS4_IN_F_LI_01_2 484 655 147
004_GS4_IN_F_LI_01_3 600 678 161
004_GS4_IN_F_LI_01_4 555 723 156
004_GS4_IN_R_LI_01_1 1088 2059 183
004_GS4_IN_R_LI_01_2 1170 2099 184
004_GS4_IN_R_LI_01_3 1129 2080 252
004_GS4_IN_R_LI_01_4 1153 2101 258
004_GS4_OU_F_LI_01_1 542 891 138
004_GS4_OU_F_LI_01_2 551 848 149
004_GS4_OU_F_LI_01_3 573 898 147
004_GS4_OU_F_LI_01_4 581 955 156
004_GS4_OU_R_LI_01_1 1180 2009 267
004_GS4_OU_R_LI_01_2 1214 2041 275
004_GS4_OU_R_LI_01_3 1154 2042 271
004_GS4_OU_R_LI_01_4 1181 2087 273
005_GS4_IN_F_LI_01_1 626 576 120
005_GS4_IN_F_LI_01_2 586 622 115
005_GS4_IN_F_LI_01_3 594 626 113
005_GS4_IN_F_LI_01_4 606 630 116
005_GS4_IN_F_LI_02_1 460 638 112
005_GS4_IN_F_LI_02_2 507 655 112
005_GS4_IN_F_LI_02_3 513 670 113
005_GS4_IN_F_LI_02_4 485 655 115
005_GS4_IN_R_LI_01_1 1122 2109 172
005_GS4_IN_R_LI_01_2 806 2060 201
005_GS4_IN_R_LI_01_3 861 1909 203
005_GS4_IN_R_LI_01_4 854 1971 200
005_GS4_IN_R_LI_01_5 835 1975 195
005_GS4_IN_R_LI_01_6 905 1933 183
005_GS4_IN_R_LI_02_1 1109 1811 264
005_GS4_IN_R_LI_02_2 1039 1780 269
005_GS4_IN_R_LI_02_3 910 1783 282
005_GS4_IN_R_LI_02_4 917 1883 262
005_GS4_OU_F_LI_01_1 524 677 126
005_GS4_OU_F_LI_01_2 546 652 129
005_GS4_OU_F_LI_01_3 558 638 124
005_GS4_OU_F_LI_01_4 552 642 122
005_GS4_OU_F_LI_02_1 543 696 135
005_GS4_OU_F_LI_02_2 540 708 134
005_GS4_OU_F_LI_02_3 569 735 128
005_GS4_OU_F_LI_02_4 571 713 131
005_GS4_OU_R_LI_01_1 993 1785 320
005_GS4_OU_R_LI_01_2 1134 1780 311
005_GS4_OU_R_LI_01_3 1163 1799 312
005_GS4_OU_R_LI_01_4 1210 1707 311
005_GS4_OU_R_LI_02_1 1105 2082 250
005_GS4_OU_R_LI_02_2 1078 2096 243
005_GS4_OU_R_LI_02_3 1132 2055 243
005_GS4_OU_R_LI_02_4 1137 2088 242
006_GS4_IN_F_LI_01_1 440 573 64
006_GS4_IN_F_LI_01_2 500 594 64
006_GS4_IN_F_LI_01_3 537 526 68
006_GS4_IN_F_LI_01_4 551 543 70
006_GS4_IN_R_LI_01_1 1653 1931 189
006_GS4_IN_R_LI_01_2 1743 1974 193
006_GS4_IN_R_LI_01_3 1824 1938 197
006_GS4_IN_R_LI_01_4 1830 1983 195
006_GS4_OU_F_LI_01_1 464 682 109
006_GS4_OU_F_LI_01_2 435 701 108
006_GS4_OU_F_LI_01_3 508 687 119
006_GS4_OU_F_LI_01_4 497 692 117
006_GS4_OU_R_LI_01_1 1682 2018 302
006_GS4_OU_R_LI_01_2 1565 2104 314
006_GS4_OU_R_LI_01_3 1506 2107 314
006_GS4_OU_R_LI_01_4 1458 2079 322
007_GS4_IN_F_LI_01_1 681 719 69
007_GS4_IN_F_LI_01_2 655 754 69
007_GS4_IN_F_LI_01_3 644 767 64
007_GS4_IN_F_LI_01_4 613 773 63
007_GS4_IN_R_LI_01_1 1068 2025 198
007_GS4_IN_R_LI_01_2 1076 2122 195
007_GS4_IN_R_LI_01_3 1166 2067 192
007_GS4_IN_R_LI_01_4 1167 2106 192
007_GS4_OU_F_LI_01_1 663 752 80
007_GS4_OU_F_LI_01_2 629 657 81
007_GS4_OU_F_LI_01_3 630 666 76
007_GS4_OU_F_LI_01_4 537 597 82
007_GS4_OU_R_LI_01_1 668 1536 245
007_GS4_OU_R_LI_01_2 797 1520 249
007_GS4_OU_R_LI_01_3 691 1531 243
007_GS4_OU_R_LI_01_4 556 1475 227
008_GS4_IN_F_LI_01_1 378 339 90
008_GS4_IN_F_LI_01_2 480 387 84
008_GS4_IN_F_LI_01_3 471 373 85
008_GS4_IN_F_LI_01_4 480 366 86
008_GS4_IN_R_LI_01_1 757 2035 220
008_GS4_IN_R_LI_01_2 783 2027 220
008_GS4_IN_R_LI_01_3 791 2019 222
008_GS4_IN_R_LI_01_4 800 1999 224
008_GS4_OU_F_LI_01_1 218 408 118
008_GS4_OU_F_LI_01_2 239 406 116
008_GS4_OU_F_LI_01_3 344 418 116
008_GS4_OU_F_LI_01_4 317 378 121
008_GS4_OU_R_LI_01_1 358 1513 183
008_GS4_OU_R_LI_01_2 1176 1982 205
008_GS4_OU_R_LI_01_3 1135 1966 207
008_GS4_OU_R_LI_01_4 1077 1944 205
008_GS4_OU_R_LI_01_5 1027 1938 207
009_GS4_IN_F_LI_01_1 505 319 101
009_GS4_IN_F_LI_01_2 476 305 103
009_GS4_IN_F_LI_01_3 460 295 104
009_GS4_IN_F_LI_01_4 454 301 136
009_GS4_IN_F_LI_01_5 392 330 143
009_GS4_IN_F_LI_01_6 354 340 144
009_GS4_IN_F_LI_01_7 342 341 148
009_GS4_IN_R_LI_01_1 741 1801 201
009_GS4_IN_R_LI_01_2 804 1828 205
009_GS4_IN_R_LI_01_3 815 1784 205
009_GS4_IN_R_LI_01_4 835 1782 206
009_GS4_OU_F_LI_01_1 654 639 96
009_GS4_OU_F_LI_01_2 713 557 101
009_GS4_OU_F_LI_01_3 683 543 103
009_GS4_OU_F_LI_01_4 635 539 100
009_GS4_OU_R_LI_01_1 1047 1118 195
009_GS4_OU_R_LI_01_2 851 1026 244
009_GS4_OU_R_LI_01_3 1122 1139 254
009_GS4_OU_R_LI_01_4 1142 1082 242
009_GS4_OU_R_LI_01_5 989 1035 268
010_GS4_IN_F_RI_01_1 406 595 102
010_GS4_IN_F_RI_01_2 410 589 106
010_GS4_IN_F_RI_01_3 413 620 109
010_GS4_IN_F_RI_01_4 402 630 109
010_GS4_IN_R_RI_01_1 864 1866 169
010_GS4_IN_R_RI_01_2 1181 2068 224
010_GS4_IN_R_RI_01_3 1182 2050 222
010_GS4_IN_R_RI_01_4 1158 2074 225
010_GS4_IN_R_RI_01_5 1162 2112 184
010_GS4_IN_R_RI_01_6 1167 2074 224
010_GS4_OU_F_RI_01_1 540 766 113
010_GS4_OU_F_RI_01_2 584 849 121
010_GS4_OU_F_RI_01_3 598 840 123
010_GS4_OU_F_RI_01_4 706 837 110
010_GS4_OU_F_RI_01_5 551 788 113
010_GS4_OU_R_RI_01_1 910 2037 227
010_GS4_OU_R_RI_01_2 1195 2037 329
010_GS4_OU_R_RI_01_3 1144 1994 405
010_GS4_OU_R_RI_01_4 1120 2019 406
011_GS4_IN_F_LI_01_1 457 266 163
011_GS4_IN_F_LI_01_2 473 293 169
011_GS4_IN_F_LI_01_3 520 284 195
011_GS4_IN_F_LI_01_4 550 327 193
011_GS4_IN_R_LI_01_1 1349 2051 158
011_GS4_IN_R_LI_01_2 1100 2068 152
011_GS4_IN_R_LI_01_3 1100 2086 152
011_GS4_IN_R_LI_01_4 1090 2106 154
012_GS4_IN_F_RI_01_1 341 501 86
012_GS4_IN_F_RI_01_2 278 441 91
012_GS4_IN_F_RI_01_3 272 461 90
012_GS4_IN_F_RI_01_4 276 482 89
012_GS4_IN_F_RI_01_5 322 510 88
012_GS4_IN_R_RI_01_1 1153 2046 277
012_GS4_IN_R_RI_01_2 1174 2041 279
012_GS4_IN_R_RI_01_3 1157 2072 276
012_GS4_IN_R_RI_01_4 1093 2077 277
012_GS4_OU_F_RI_01_1 545 606 110
012_GS4_OU_F_RI_01_2 549 617 112
012_GS4_OU_F_RI_01_3 503 609 113
012_GS4_OU_F_RI_01_4 475 620 109
012_GS4_OU_F_RI_01_5 487 615 111
012_GS4_OU_R_RI_01_1 1550 1965 297
012_GS4_OU_R_RI_01_2 1462 1976 302
012_GS4_OU_R_RI_01_3 1442 1957 310
012_GS4_OU_R_RI_01_4 1409 1993 301
013_GS4_IN_F_RI_01_1 535 540 100
013_GS4_IN_F_RI_01_2 545 544 98
013_GS4_IN_F_RI_01_3 550 530 95
013_GS4_IN_F_RI_01_4 562 534 94
013_GS4_IN_R_RI_01_1 1391 1790 209
013_GS4_IN_R_RI_01_2 1463 1849 201
013_GS4_IN_R_RI_01_3 1497 1892 198
013_GS4_IN_R_RI_01_4 1550 1949 199
013_GS4_OU_F_RI_01_1 483 675 123
013_GS4_OU_F_RI_01_2 543 720 113
013_GS4_OU_F_RI_01_3 569 722 114
013_GS4_OU_F_RI_01_4 553 729 114
013_GS4_OU_R_RI_01_1 1371 1346 305
013_GS4_OU_R_RI_01_2 1473 1396 305
013_GS4_OU_R_RI_01_3 1518 1399 304
013_GS4_OU_R_RI_01_4 1611 1388 294
014_GS4_IN_F_RI_01_1 591 473 77
014_GS4_IN_F_RI_01_2 628 493 75
014_GS4_IN_F_RI_01_3 690 511 76
014_GS4_IN_F_RI_01_4 688 551 79
014_GS4_IN_R_RI_01_1 1655 2454 173
014_GS4_IN_R_RI_01_2 1368 2361 192
014_GS4_IN_R_RI_01_3 1357 2288 178
014_GS4_IN_R_RI_01_4 1356 2285 172
014_GS4_OU_F_RI_01_1 766 539 124
014_GS4_OU_F_RI_01_2 846 706 146
014_GS4_OU_F_RI_01_3 837 753 145
014_GS4_OU_F_RI_01_4 500 899 143
014_GS4_OU_R_RI_01_1 1649 1636 313
014_GS4_OU_R_RI_01_2 1372 1712 352
014_GS4_OU_R_RI_01_3 1562 1741 341
014_GS4_OU_R_RI_01_4 1684 1787 338
015_GS4_IN_F_LI_01_1 498 529 96
015_GS4_IN_F_LI_01_2 543 584 93
015_GS4_IN_F_LI_01_3 546 557 93
015_GS4_IN_F_LI_01_4 568 535 93
015_GS4_IN_R_LI_01_1 1170 2055 241
015_GS4_IN_R_LI_01_2 1257 2032 239
015_GS4_IN_R_LI_01_3 1252 2051 236
015_GS4_IN_R_LI_01_4 1147 2083 233
015_GS4_OU_F_LI_01_1 502 330 134
015_GS4_OU_F_LI_01_2 492 342 138
015_GS4_OU_F_LI_01_3 488 325 134
015_GS4_OU_F_LI_01_4 478 314 134
015_GS4_OU_R_LI_01_1 1141 2078 318
015_GS4_OU_R_LI_01_2 1426 2083 316
015_GS4_OU_R_LI_01_3 1379 2088 316
015_GS4_OU_R_LI_01_4 1184 2065 420
016_GS4_IN_F_LI_01_1 438 478 103
016_GS4_IN_F_LI_01_2 420 484 105
016_GS4_IN_F_LI_01_3 418 504 105
016_GS4_IN_F_LI_01_4 462 478 100
016_GS4_IN_R_LI_01_1 1405 2081 270
016_GS4_IN_R_LI_01_2 1321 2101 265
016_GS4_IN_R_LI_01_3 1159 2067 237
016_GS4_IN_R_LI_01_4 1173 2081 239
016_GS4_IN_R_LI_01_5 1161 2059 216
016_GS4_IN_R_LI_01_6 1146 2071 244
016_GS4_OU_F_LI_01_1 419 457 133
016_GS4_OU_F_LI_01_2 464 437 128
016_GS4_OU_F_LI_01_3 479 409 133
016_GS4_OU_F_LI_01_4 516 400 135
016_GS4_OU_R_LI_01_1 1183 2048 391
016_GS4_OU_R_LI_01_2 1174 1997 393
016_GS4_OU_R_LI_01_3 1198 2061 394
016_GS4_OU_R_LI_01_4 1154 2044 403
017_GS4_IN_F_LI_01_1 522 292 140
017_GS4_IN_F_LI_01_2 451 247 150
017_GS4_IN_F_LI_01_3 438 256 150
017_GS4_IN_F_LI_01_4 437 277 145
017_GS4_IN_R_LI_01_1 798 2691 322
017_GS4_IN_R_LI_01_2 790 2703 314
017_GS4_IN_R_LI_01_3 769 2601 316
017_GS4_IN_R_LI_01_4 649 2616 306
017_GS4_OU_F_LI_01_1 436 254 186
017_GS4_OU_F_LI_01_2 541 322 145
017_GS4_OU_F_LI_01_3 546 326 150
017_GS4_OU_F_LI_01_4 578 326 152
017_GS4_OU_R_LI_01_1 1443 1583 305
017_GS4_OU_R_LI_01_2 1421 1568 276
017_GS4_OU_R_LI_01_3 1458 1575 304
017_GS4_OU_R_LI_01_4 995 1885 281
018_GS4_IN_F_RI_01_1 566 949 85
018_GS4_IN_F_RI_01_2 586 956 82
018_GS4_IN_F_RI_01_3 610 958 82
018_GS4_IN_F_RI_01_4 620 956 82
018_GS4_IN_R_RI_01_1 1202 2020 253
018_GS4_IN_R_RI_01_2 1191 2094 264
018_GS4_IN_R_RI_01_3 1235 2075 281
018_GS4_IN_R_RI_01_4 1185 2107 285
018_GS4_IN_R_RI_01_5 1213 2089 295
018_GS4_OU_F_RI_01_1 514 705 110
018_GS4_OU_F_RI_01_2 521 705 107
018_GS4_OU_F_RI_01_3 591 711 110
018_GS4_OU_F_RI_01_4 609 718 107
018_GS4_OU_F_RI_01_5 637 716 110
018_GS4_OU_R_RI_01_1 1282 2004 279
018_GS4_OU_R_RI_01_2 1267 2001 242
018_GS4_OU_R_RI_01_3 1245 2031 285
018_GS4_OU_R_RI_01_4 1330 1987 286
018_GS4_OU_R_RI_01_5 1389 1998 286
019_GS4_IN_F_RI_01_1 670 840 53
019_GS4_IN_F_RI_01_2 641 957 55
019_GS4_IN_F_RI_01_3 646 948 54
019_GS4_IN_F_RI_01_4 651 943 54
019_GS4_IN_F_RI_01_5 654 946 55
019_GS4_IN_F_RI_01_6 627 890 52
019_GS4_IN_F_RI_01_7 653 907 56
019_GS4_IN_R_RI_01_1 1141 1791 190
019_GS4_IN_R_RI_01_2 1203 1801 197
019_GS4_IN_R_RI_01_3 1195 1821 193
019_GS4_IN_R_RI_01_4 1175 1842 189
019_GS4_OU_F_RI_01_1 657 710 80
019_GS4_OU_F_RI_01_2 630 653 84
019_GS4_OU_F_RI_01_3 615 635 85
019_GS4_OU_F_RI_01_4 609 623 87
019_GS4_OU_R_RI_01_1 727 1950 127
019_GS4_OU_R_RI_01_2 663 1698 353
019_GS4_OU_R_RI_01_3 814 1668 353
019_GS4_OU_R_RI_01_4 819 1673 364
019_GS4_OU_R_RI_01_5 879 1593 356
019_GS4_OU_R_RI_01_6 783 1514 365
020_GS4_IN_F_LI_01_1 520 927 119
020_GS4_IN_F_LI_01_2 549 922 117
020_GS4_IN_F_LI_01_3 557 950 117
020_GS4_IN_F_LI_01_4 548 952 117
020_GS4_IN_F_LI_02_1 569 875 103
020_GS4_IN_F_LI_02_2 561 873 103
020_GS4_IN_F_LI_02_3 558 880 104
020_GS4_IN_F_LI_02_4 555 880 103
020_GS4_IN_R_LI_01_1 1198 2096 250
020_GS4_IN_R_LI_01_2 1187 2070 253
020_GS4_IN_R_LI_01_3 1163 2044 255
020_GS4_IN_R_LI_01_4 1088 1996 259
020_GS4_IN_R_LI_02_1 1202 1511 225
020_GS4_IN_R_LI_02_2 1193 1535 208
020_GS4_IN_R_LI_02_3 1121 1476 229
020_GS4_IN_R_LI_02_4 1075 1474 227
020_GS4_OU_F_LI_01_1 586 855 125
020_GS4_OU_F_LI_01_2 568 858 127
020_GS4_OU_F_LI_01_3 593 852 128
020_GS4_OU_F_LI_01_4 585 847 130
020_GS4_OU_F_LI_02_1 492 888 115
020_GS4_OU_F_LI_02_2 507 888 120
020_GS4_OU_F_LI_02_3 510 892 114
020_GS4_OU_F_LI_02_4 506 875 114
020_GS4_OU_R_LI_01_1 1248 1996 397
020_GS4_OU_R_LI_01_2 1217 2021 444
020_GS4_OU_R_LI_01_3 1223 2017 448
020_GS4_OU_R_LI_01_4 1212 2015 341
020_GS4_OU_R_LI_01_5 1222 2008 338
020_GS4_OU_R_LI_02_1 1077 1220 311
020_GS4_OU_R_LI_02_2 1031 1122 314
020_GS4_OU_R_LI_02_3 1013 1137 313
020_GS4_OU_R_LI_02_4 1000 1101 307
021_GS4_IN_F_RI_01_1 526 840 91
021_GS4_IN_F_RI_01_2 567 825 91
021_GS4_IN_F_RI_01_3 504 834 91
021_GS4_IN_F_RI_01_4 499 839 89
021_GS4_IN_F_RI_01_5 496 820 88
021_GS4_IN_R_RI_01_1 1098 1948 220
021_GS4_IN_R_RI_01_2 1160 1940 223
021_GS4_IN_R_RI_01_3 1158 1948 223
021_GS4_IN_R_RI_01_4 1084 1990 223
021_GS4_OU_F_RI_01_1 484 624 170
021_GS4_OU_F_RI_01_2 401 605 170
021_GS4_OU_F_RI_01_3 410 611 174
021_GS4_OU_F_RI_01_4 404 579 198
021_GS4_OU_R_RI_01_1 816 1364 350
021_GS4_OU_R_RI_01_2 1083 845 376
021_GS4_OU_R_RI_01_3 1071 824 381
021_GS4_OU_R_RI_01_4 1036 878 340
021_GS4_OU_R_RI_01_5 1145 889 369
022_GS4_IN_F_RI_01_1 564 824 65
022_GS4_IN_F_RI_01_2 566 825 65
022_GS4_IN_F_RI_01_3 554 821 65
022_GS4_IN_F_RI_01_4 548 834 64
022_GS4_IN_F_RI_02_1 605 812 107
022_GS4_IN_F_RI_02_2 549 815 94
022_GS4_IN_F_RI_02_3 550 810 101
022_GS4_IN_F_RI_02_4 548 806 99
022_GS4_IN_R_RI_01_1 1120 2089 235
022_GS4_IN_R_RI_01_2 1124 2053 231
022_GS4_IN_R_RI_01_3 1088 2056 228
022_GS4_IN_R_RI_01_4 1073 2051 226
022_GS4_IN_R_RI_02_1 1314 1913 283
022_GS4_IN_R_RI_02_2 1257 1947 284
022_GS4_IN_R_RI_02_3 1288 1940 282
022_GS4_IN_R_RI_02_4 1288 1955 285
022_GS4_OU_F_RI_01_1 484 659 107
022_GS4_OU_F_RI_01_2 467 661 107
022_GS4_OU_F_RI_01_3 453 674 105
022_GS4_OU_F_RI_01_4 439 668 108
022_GS4_OU_F_RI_02_1 646 715 96
022_GS4_OU_F_RI_02_2 639 717 96
022_GS4_OU_F_RI_02_3 595 716 87
022_GS4_OU_F_RI_02_4 561 729 79
022_GS4_OU_R_RI_01_1 1529 1612 381
022_GS4_OU_R_RI_01_2 1507 1580 369
022_GS4_OU_R_RI_01_3 1608 1569 379
022_GS4_OU_R_RI_01_4 1843 1726 363
022_GS4_OU_R_RI_02_1 1347 1128 275
022_GS4_OU_R_RI_02_2 1273 1854 228
022_GS4_OU_R_RI_02_3 1266 1904 236
022_GS4_OU_R_RI_02_4 1245 1911 237
022_GS4_OU_R_RI_02_5 1179 1950 232
023_GS4_IN_F_LI_01_1 570 780 89
023_GS4_IN_F_LI_01_2 574 772 87
023_GS4_IN_F_LI_01_3 610 773 83
023_GS4_IN_F_LI_01_4 631 755 82
023_GS4_IN_R_LI_01_1 876 2108 220
023_GS4_IN_R_LI_01_2 734 2068 233
023_GS4_IN_R_LI_01_3 680 2002 219
023_GS4_IN_R_LI_01_4 656 1886 207
023_GS4_OU_F_LI_01_1 479 504 128
023_GS4_OU_F_LI_01_2 454 511 127
023_GS4_OU_F_LI_01_3 448 430 130
023_GS4_OU_F_LI_01_4 465 422 130
023_GS4_OU_R_LI_01_1 1423 1722 304
023_GS4_OU_R_LI_01_2 1262 1608 290
023_GS4_OU_R_LI_01_3 1106 1595 300
023_GS4_OU_R_LI_01_4 1046 1380 313
024_GS4_IN_F_RI_01_1 464 720 107
024_GS4_IN_F_RI_01_2 472 722 105
024_GS4_IN_F_RI_01_3 470 702 104
024_GS4_IN_F_RI_01_4 479 711 105
024_GS4_IN_R_RI_01_1 1163 2219 257
024_GS4_IN_R_RI_01_2 1180 2228 252
024_GS4_IN_R_RI_01_3 1097 2124 256
024_GS4_IN_R_RI_01_4 1141 2137 257
024_GS4_OU_F_RI_01_1 657 818 106
024_GS4_OU_F_RI_01_2 638 791 108
024_GS4_OU_F_RI_01_3 628 768 110
024_GS4_OU_F_RI_01_4 621 739 111
024_GS4_OU_R_RI_01_1 1126 1338 345
024_GS4_OU_R_RI_01_2 1063 1356 360
024_GS4_OU_R_RI_01_3 1097 1247 369
024_GS4_OU_R_RI_01_4 1068 1224 377
025_GS4_IN_F_RI_01_1 594 980 74
025_GS4_IN_F_RI_01_2 580 980 72
025_GS4_IN_F_RI_01_3 569 966 70
025_GS4_IN_F_RI_01_4 561 977 70
025_GS4_IN_R_RI_01_1 1336 2026 213
025_GS4_IN_R_RI_01_2 1332 2025 209
025_GS4_IN_R_RI_01_3 1422 2029 207
025_GS4_IN_R_RI_01_4 1454 2064 206
025_GS4_OU_F_RI_01_1 682 851 90
025_GS4_OU_F_RI_01_2 659 814 90
025_GS4_OU_F_RI_01_3 662 820 88
025_GS4_OU_F_RI_01_4 662 813 89
025_GS4_OU_R_RI_01_1 1414 1600 235
025_GS4_OU_R_RI_01_2 1387 1583 233
025_GS4_OU_R_RI_01_3 1337 1597 233
025_GS4_OU_R_RI_01_4 1424 1585 234
026_GS4_IN_F_RI_01_1 633 795 84
026_GS4_IN_F_RI_01_2 629 797 84
026_GS4_IN_F_RI_01_3 627 788 85
026_GS4_IN_F_RI_01_4 621 793 83
026_GS4_IN_R_RI_01_1 1481 2122 227
026_GS4_IN_R_RI_01_2 1448 2110 216
026_GS4_IN_R_RI_01_3 1549 2141 219
026_GS4_IN_R_RI_01_4 1483 2171 214
026_GS4_OU_F_RI_01_1 560 805 105
026_GS4_OU_F_RI_01_2 530 772 102
026_GS4_OU_F_RI_01_3 560 797 104
026_GS4_OU_F_RI_01_4 535 763 98
026_GS4_OU_R_RI_01_1 1134 1869 265
026_GS4_OU_R_RI_01_2 1142 1866 267
026_GS4_OU_R_RI_01_3 1041 1930 240
026_GS4_OU_R_RI_01_4 1085 1918 261
027_GS4_IN_F_RI_01_1 651 729 75
027_GS4_IN_F_RI_01_2 667 719 73
027_GS4_IN_F_RI_01_3 672 717 78
027_GS4_IN_F_RI_01_4 655 720 82
027_GS4_IN_R_RI_01_1 1622 3020 104
027_GS4_IN_R_RI_01_2 1587 1926 198
027_GS4_IN_R_RI_01_3 1549 1946 207
027_GS4_IN_R_RI_01_4 1628 1959 218
027_GS4_IN_R_RI_01_5 1579 1908 222
027_GS4_OU_F_RI_01_1 543 624 90
027_GS4_OU_F_RI_01_2 558 712 86
027_GS4_OU_F_RI_01_3 562 706 86
027_GS4_OU_F_RI_01_4 565 695 86
027_GS4_OU_R_RI_01_1 1346 1791 293
027_GS4_OU_R_RI_01_2 1529 1911 308
027_GS4_OU_R_RI_01_3 1524 1948 314
027_GS4_OU_R_RI_01_4 1577 1919 324
028_GS4_IN_F_RI_01_1 387 403 120
028_GS4_IN_F_RI_01_2 423 410 118
028_GS4_IN_F_RI_01_3 406 416 119
028_GS4_IN_F_RI_01_4 422 400 122
028_GS4_IN_R_RI_01_1 1334 1795 267
028_GS4_IN_R_RI_01_2 1304 1900 267
028_GS4_IN_R_RI_01_3 1232 1889 269
028_GS4_IN_R_RI_01_4 1251 1840 271
028_GS4_OU_F_RI_01_1 456 485 109
028_GS4_OU_F_RI_01_2 466 485 113
028_GS4_OU_F_RI_01_3 449 488 113
028_GS4_OU_F_RI_01_4 469 459 111
028_GS4_OU_R_RI_01_1 1554 1116 457
028_GS4_OU_R_RI_01_2 1509 1054 482
028_GS4_OU_R_RI_01_3 1541 1065 477
028_GS4_OU_R_RI_01_4 1550 1084 482
029_GS4_IN_F_RI_01_1 527 589 87
029_GS4_IN_F_RI_01_2 568 608 85
029_GS4_IN_F_RI_01_3 625 538 89
029_GS4_IN_F_RI_01_4 597 472 90
029_GS4_IN_R_RI_01_1 1181 1931 205
029_GS4_IN_R_RI_01_2 1136 2010 206
029_GS4_IN_R_RI_01_3 1200 1999 203
029_GS4_IN_R_RI_01_4 1172 1999 205
029_GS4_OU_F_RI_01_1 437 382 105
029_GS4_OU_F_RI_01_2 402 356 105
029_GS4_OU_F_RI_01_3 516 235 106
029_GS4_OU_F_RI_01_4 439 310 115
029_GS4_OU_R_RI_01_1 800 1005 280
029_GS4_OU_R_RI_01_2 900 1005 263
029_GS4_OU_R_RI_01_3 788 1052 284
029_GS4_OU_R_RI_01_4 937 1278 282
030_GS4_IN_F_RI_01_1 484 716 108
030_GS4_IN_F_RI_01_2 475 710 109
030_GS4_IN_F_RI_01_3 472 699 109
030_GS4_IN_F_RI_01_4 451 679 110
030_GS4_IN_R_RI_01_1 1439 1886 311
030_GS4_IN_R_RI_01_2 1497 1827 304
030_GS4_IN_R_RI_01_3 1512 1851 317
030_GS4_IN_R_RI_01_4 1356 1931 324
030_GS4_OU_F_RI_01_1 641 819 95
030_GS4_OU_F_RI_01_2 650 815 95
030_GS4_OU_F_RI_01_3 651 818 94
030_GS4_OU_F_RI_01_4 559 821 86
030_GS4_OU_R_RI_01_1 1283 1438 282
030_GS4_OU_R_RI_01_2 1183 1560 280
030_GS4_OU_R_RI_01_3 1162 1521 282
030_GS4_OU_R_RI_01_4 1148 1463 284
031_GS4_IN_F_RI_01_1 366 436 129
031_GS4_IN_F_RI_01_2 396 449 131
031_GS4_IN_F_RI_01_3 397 472 134
031_GS4_IN_F_RI_01_4 420 495 131
031_GS4_IN_R_RI_01_1 1081 2005 322
031_GS4_IN_R_RI_01_2 1010 2010 377
031_GS4_IN_R_RI_01_3 1132 2055 330
031_GS4_IN_R_RI_01_4 1059 2114 313
031_GS4_IN_R_RI_01_5 1074 2060 311
031_GS4_IN_R_RI_01_6 1130 1990 324
031_GS4_OU_F_RI_01_1 426 893 126
031_GS4_OU_F_RI_01_2 438 894 125
031_GS4_OU_F_RI_01_3 429 878 126
031_GS4_OU_F_RI_01_4 433 854 130
031_GS4_OU_R_RI_01_1 1140 1901 270
031_GS4_OU_R_RI_01_2 1133 2072 299
031_GS4_OU_R_RI_01_3 1131 2065 305
031_GS4_OU_R_RI_01_4 1131 2083 315
032_GS4_IN_F_RI_01_1 809 652 77
032_GS4_IN_F_RI_01_2 825 629 78
032_GS4_IN_F_RI_01_3 826 603 78
032_GS4_IN_F_RI_01_4 794 599 77
032_GS4_IN_R_RI_01_1 1097 1611 222
032_GS4_IN_R_RI_01_2 1078 1556 223
032_GS4_IN_R_RI_01_3 1233 1703 202
032_GS4_IN_R_RI_01_4 1256 1700 200
032_GS4_OU_F_RI_01_1 564 546 105
032_GS4_OU_F_RI_01_2 575 546 102
032_GS4_OU_F_RI_01_3 551 547 97
032_GS4_OU_F_RI_01_4 561 548 94
032_GS4_OU_R_RI_01_1 1333 1193 282
032_GS4_OU_R_RI_01_2 1369 1159 285
032_GS4_OU_R_RI_01_3 1272 1110 276
032_GS4_OU_R_RI_01_4 1582 1152 277
033_GS4_IN_F_RI_01_1 742 684 98
033_GS4_IN_F_RI_01_2 734 682 96
033_GS4_IN_F_RI_01_3 710 670 92
033_GS4_IN_F_RI_01_4 696 679 92
033_GS4_IN_R_RI_01_1 1204 2200 266
033_GS4_IN_R_RI_01_2 1170 2225 260
033_GS4_IN_R_RI_01_3 1084 2207 262
033_GS4_IN_R_RI_01_4 1103 2189 262
033_GS4_OU_F_RI_01_1 765 775 105
033_GS4_OU_F_RI_01_2 779 781 105
033_GS4_OU_F_RI_01_3 791 786 103
033_GS4_OU_F_RI_01_4 780 801 107
033_GS4_OU_R_RI_01_1 1476 1429 326
033_GS4_OU_R_RI_01_2 1654 1462 251
033_GS4_OU_R_RI_01_3 1692 1423 339
033_GS4_OU_R_RI_01_4 1428 1363 337
034_GS4_IN_F_RI_01_1 540 631 135
034_GS4_IN_F_RI_01_2 556 649 137
034_GS4_IN_F_RI_01_3 540 633 134
034_GS4_IN_F_RI_01_4 511 639 137
034_GS4_IN_R_RI_01_1 1215 1409 316
034_GS4_IN_R_RI_01_2 1203 1396 318
034_GS4_IN_R_RI_01_3 1227 1441 327
034_GS4_IN_R_RI_01_4 1255 1467 316
034_GS4_OU_F_RI_01_1 521 751 92
034_GS4_OU_F_RI_01_2 487 750 93
034_GS4_OU_F_RI_01_3 572 748 88
034_GS4_OU_F_RI_01_4 548 780 85
034_GS4_OU_F_RI_01_5 553 782 86
034_GS4_OU_R_RI_01_1 1269 1390 336
034_GS4_OU_R_RI_01_2 1206 1440 330
034_GS4_OU_R_RI_01_3 1123 1304 337
034_GS4_OU_R_RI_01_4 1102 1353 330
035_GS4_IN_F_RI_01_1 665 465 104
035_GS4_IN_F_RI_01_2 722 470 107
035_GS4_IN_F_RI_01_3 725 458 105
035_GS4_IN_F_RI_01_4 743 463 105
035_GS4_IN_R_RI_01_1 1562 2231 250
035_GS4_IN_R_RI_01_2 1464 2181 262
035_GS4_IN_R_RI_01_3 1442 2052 264
035_GS4_IN_R_RI_01_4 1537 2097 268
035_GS4_OU_F_RI_01_1 678 831 122
035_GS4_OU_F_RI_01_2 662 834 128
035_GS4_OU_F_RI_01_3 658 810 128
035_GS4_OU_F_RI_01_4 630 823 129
035_GS4_OU_R_RI_01_1 1455 1197 330
035_GS4_OU_R_RI_01_2 1439 1140 339
035_GS4_OU_R_RI_01_3 1548 1119 346
035_GS4_OU_R_RI_01_4 1592 1109 350
036_GS4_IN_F_RI_01_1 532 1202 86
036_GS4_IN_F_RI_01_2 535 1218 84
036_GS4_IN_F_RI_01_3 506 1223 84
036_GS4_IN_F_RI_01_4 508 1233 86
036_GS4_IN_R_RI_01_1 1104 2378 233
036_GS4_IN_R_RI_01_2 1100 2462 221
036_GS4_IN_R_RI_01_3 1082 2448 215
036_GS4_IN_R_RI_01_4 1064 2476 219
036_GS4_OU_F_RI_01_1 619 934 106
036_GS4_OU_F_RI_01_2 607 932 105
036_GS4_OU_F_RI_01_3 589 931 106
036_GS4_OU_F_RI_01_4 600 931 104
036_GS4_OU_R_RI_01_1 932 2076 279
036_GS4_OU_R_RI_01_2 1048 2046 268
036_GS4_OU_R_RI_01_3 1086 2033 265
036_GS4_OU_R_RI_01_4 1082 2029 259
037_GS4_IN_F_RI_01_1 559 245 129
037_GS4_IN_F_RI_01_2 568 222 120
037_GS4_IN_F_RI_01_3 600 210 120
037_GS4_IN_F_RI_01_4 600 206 122
037_GS4_IN_F_RI_01_5 603 197 129
037_GS4_IN_R_RI_01_1 1211 2052 249
037_GS4_IN_R_RI_01_2 1209 2038 253
037_GS4_IN_R_RI_01_3 1169 2069 274
037_GS4_IN_R_RI_01_4 1208 2047 291
037_GS4_OU_F_RI_01_1 514 552 101
037_GS4_OU_F_RI_01_2 515 539 100
037_GS4_OU_F_RI_01_3 496 569 99
037_GS4_OU_F_RI_01_4 471 557 100
037_GS4_OU_R_RI_01_1 1164 2131 287
037_GS4_OU_R_RI_01_2 836 2087 312
037_GS4_OU_R_RI_01_3 1018 1991 321
037_GS4_OU_R_RI_01_4 1271 2036 344
038_GS4_IN_F_RI_01_1 303 587 88
038_GS4_IN_F_RI_01_2 296 582 91
038_GS4_IN_F_RI_01_3 287 567 92
038_GS4_IN_F_RI_01_4 281 566 92
038_GS4_IN_R_RI_01_1 1115 2207 264
038_GS4_IN_R_RI_01_2 1124 2364 275
038_GS4_IN_R_RI_01_3 1121 2260 275
038_GS4_IN_R_RI_01_4 977 2364 281
038_GS4_OU_F_RI_01_1 370 423 128
038_GS4_OU_F_RI_01_2 344 359 146
038_GS4_OU_F_RI_01_3 315 329 148
038_GS4_OU_F_RI_01_4 337 422 156
038_GS4_OU_R_RI_01_1 791 1495 363
038_GS4_OU_R_RI_01_2 708 1492 378
038_GS4_OU_R_RI_01_3 560 1373 393
038_GS4_OU_R_RI_01_4 397 1518 396
039_GS4_IN_F_RI_01_1 678 938 101
039_GS4_IN_F_RI_01_2 660 952 101
039_GS4_IN_F_RI_01_3 651 955 104
039_GS4_IN_F_RI_01_4 646 966 104
039_GS4_IN_R_RI_01_1 1080 2068 270
039_GS4_IN_R_RI_01_2 1055 2121 271
039_GS4_IN_R_RI_01_3 1039 2130 268
039_GS4_IN_R_RI_01_4 1071 2168 273
039_GS4_OU_F_RI_01_1 526 929 93
039_GS4_OU_F_RI_01_2 519 933 93
039_GS4_OU_F_RI_01_3 515 932 95
039_GS4_OU_F_RI_01_4 515 927 94
039_GS4_OU_R_RI_01_1 954 2147 339
039_GS4_OU_R_RI_01_2 805 2024 336
039_GS4_OU_R_RI_01_3 837 2050 341
039_GS4_OU_R_RI_01_4 760 2070 338
040_GS4_IN_F_RI_01_1 650 718 94
040_GS4_IN_F_RI_01_2 629 718 93
040_GS4_IN_F_RI_01_3 633 741 91
040_GS4_IN_F_RI_01_4 638 756 91
040_GS4_IN_R_RI_01_1 1834 1657 222
040_GS4_IN_R_RI_01_2 1825 1634 230
040_GS4_IN_R_RI_01_3 1817 1623 226
040_GS4_IN_R_RI_01_4 1873 1594 221
040_GS4_OU_F_RI_01_1 649 385 122
040_GS4_OU_F_RI_01_2 641 428 130
040_GS4_OU_F_RI_01_3 602 435 128
040_GS4_OU_F_RI_01_4 553 463 129
040_GS4_OU_R_RI_01_1 1804 739 386
040_GS4_OU_R_RI_01_2 1266 1328 353
040_GS4_OU_R_RI_01_3 1253 1276 366
040_GS4_OU_R_RI_01_4 1352 1254 369
040_GS4_OU_R_RI_01_5 1319 1237 379
041_GS4_IN_F_RI_01_1 614 815 103
041_GS4_IN_F_RI_01_2 600 815 98
041_GS4_IN_F_RI_01_3 595 816 101
041_GS4_IN_F_RI_01_4 584 812 100
041_GS4_IN_R_RI_01_1 1126 1773 254
041_GS4_IN_R_RI_01_2 1181 1729 250
041_GS4_IN_R_RI_01_3 1226 1717 242
041_GS4_IN_R_RI_01_4 1190 1712 240
041_GS4_OU_F_RI_01_1 784 726 128
041_GS4_OU_F_RI_01_2 758 695 121
041_GS4_OU_F_RI_01_3 761 711 120
041_GS4_OU_F_RI_01_4 724 726 117
041_GS4_OU_R_RI_01_1 1439 1661 281
041_GS4_OU_R_RI_01_2 1466 1546 278
041_GS4_OU_R_RI_01_3 1474 1478 271
041_GS4_OU_R_RI_01_4 1483 1406 270
042_GS4_IN_F_RI_01_1 380 734 84
042_GS4_IN_F_RI_01_2 397 707 89
042_GS4_IN_F_RI_01_3 382 706 91
042_GS4_IN_F_RI_01_4 401 723 89
042_GS4_IN_R_RI_01_1 864 2350 324
042_GS4_IN_R_RI_01_2 902 2280 327
042_GS4_IN_R_RI_01_3 837 2268 325
042_GS4_IN_R_RI_01_4 808 2327 330
042_GS4_IN_R_RI_01_5 793 2277 296
042_GS4_IN_R_RI_01_6 825 2370 284
042_GS4_OU_F_RI_01_1 715 513 111
042_GS4_OU_F_RI_01_2 670 521 111
042_GS4_OU_F_RI_01_3 665 460 116
042_GS4_OU_F_RI_01_4 638 456 118
042_GS4_OU_R_RI_01_1 1161 1763 298
042_GS4_OU_R_RI_01_2 1021 1665 344
042_GS4_OU_R_RI_01_3 1075 1685 354
042_GS4_OU_R_RI_01_4 987 1568 364
042_GS4_OU_R_RI_01_5 1006 1678 367
043_GS4_IN_F_LI_01_1 614 748 129
043_GS4_IN_F_LI_01_2 602 727 127
043_GS4_IN_F_LI_01_3 587 719 124
043_GS4_IN_F_LI_01_4 584 709 122
043_GS4_IN_R_LI_01_1 1205 1614 265
043_GS4_IN_R_LI_01_2 1107 1576 267
043_GS4_IN_R_LI_01_3 1158 1553 268
043_GS4_IN_R_LI_01_4 1162 1534 270
043_GS4_OU_F_LI_01_1 635 616 121
043_GS4_OU_F_LI_01_2 630 623 122
043_GS4_OU_F_LI_01_3 629 612 120
043_GS4_OU_F_LI_01_4 632 613 119
043_GS4_OU_R_LI_01_1 1668 1272 265
043_GS4_OU_R_LI_01_2 1592 1256 255
043_GS4_OU_R_LI_01_3 1571 1197 258
043_GS4_OU_R_LI_01_4 1592 1176 257
044_GS4_IN_F_LI_01_1 476 646 117
044_GS4_IN_F_LI_01_2 457 637 120
044_GS4_IN_F_LI_01_3 489 640 118
044_GS4_IN_F_LI_01_4 489 626 120
044_GS4_IN_R_LI_01_1 1271 2050 241
044_GS4_IN_R_LI_01_2 1264 2073 241
044_GS4_IN_R_LI_01_3 1250 2078 241
044_GS4_IN_R_LI_01_4 1268 2066 244
044_GS4_OU_F_LI_01_1 566 531 121
044_GS4_OU_F_LI_01_2 595 559 127
044_GS4_OU_F_LI_01_3 611 545 126
044_GS4_OU_F_LI_01_4 640 556 120
044_GS4_OU_R_LI_01_1 1583 1108 388
044_GS4_OU_R_LI_01_2 1428 1110 372
044_GS4_OU_R_LI_01_3 1407 1091 378
044_GS4_OU_R_LI_01_4 1476 1188 376
045_GS4_IN_F_LI_01_1 537 720 121
045_GS4_IN_F_LI_01_2 545 688 121
045_GS4_IN_F_LI_01_3 504 697 122
045_GS4_IN_F_LI_01_4 502 682 125
045_GS4_IN_R_LI_01_1 1236 1942 259
045_GS4_IN_R_LI_01_2 1241 1922 262
045_GS4_IN_R_LI_01_3 1253 1949 268
045_GS4_IN_R_LI_01_4 1260 1941 271
045_GS4_OU_F_LI_01_1 540 946 116
045_GS4_OU_F_LI_01_2 476 943 111
045_GS4_OU_F_LI_01_3 478 938 115
045_GS4_OU_F_LI_01_4 451 938 116
045_GS4_OU_R_LI_01_1 1347 1922 335
045_GS4_OU_R_LI_01_2 1290 1817 394
045_GS4_OU_R_LI_01_3 1340 1665 284
045_GS4_OU_R_LI_01_4 1337 1692 287
046_GS4_IN_F_LI_01_1 553 790 97
046_GS4_IN_F_LI_01_2 541 802 97
046_GS4_IN_F_LI_01_3 541 805 96
046_GS4_IN_F_LI_01_4 547 816 95
046_GS4_IN_R_LI_01_1 1094 1747 259
046_GS4_IN_R_LI_01_2 1097 1768 262
046_GS4_IN_R_LI_01_3 1120 1823 265
046_GS4_IN_R_LI_01_4 1118 1873 266
046_GS4_OU_F_LI_01_1 597 701 134
046_GS4_OU_F_LI_01_2 588 711 135
046_GS4_OU_F_LI_01_3 592 714 134
046_GS4_OU_F_LI_01_4 583 713 133
046_GS4_OU_R_LI_01_1 1403 1272 375
046_GS4_OU_R_LI_01_2 1471 1190 389
046_GS4_OU_R_LI_01_3 1429 1164 390
046_GS4_OU_R_LI_01_4 1468 1218 388
047_GS4_IN_F_LI_01_1 410 709 110
047_GS4_IN_F_LI_01_2 442 755 112
047_GS4_IN_F_LI_01_3 471 747 113
047_GS4_IN_F_LI_01_4 490 782 113
047_GS4_IN_R_LI_01_1 1158 1766 226
047_GS4_IN_R_LI_01_2 1195 1759 228
047_GS4_IN_R_LI_01_3 1194 1836 228
047_GS4_IN_R_LI_01_4 1149 1798 225
047_GS4_OU_F_LI_01_1 520 735 163
047_GS4_OU_F_LI_01_2 551 715 160
047_GS4_OU_F_LI_01_3 586 709 159
047_GS4_OU_F_LI_01_4 591 699 157
047_GS4_OU_R_LI_01_1 961 1622 336
047_GS4_OU_R_LI_01_2 964 1589 334
047_GS4_OU_R_LI_01_3 965 1537 341
047_GS4_OU_R_LI_01_4 1056 1475 346
048_GS4_IN_F_RI_01_1 353 676 112
048_GS4_IN_F_RI_01_2 328 684 111
048_GS4_IN_F_RI_01_3 316 679 109
048_GS4_IN_F_RI_01_4 311 672 110
048_GS4_IN_R_RI_01_1 1208 1524 321
048_GS4_IN_R_RI_01_2 1281 1589 320
048_GS4_IN_R_RI_01_3 1345 1616 318
048_GS4_IN_R_RI_01_4 1441 1625 320
048_GS4_OU_F_RI_01_1 601 723 120
048_GS4_OU_F_RI_01_2 685 802 113
048_GS4_OU_F_RI_01_3 687 800 113
048_GS4_OU_F_RI_01_4 668 825 112
048_GS4_OU_R_RI_01_1 1141 2105 336
048_GS4_OU_R_RI_01_2 1138 2078 326
048_GS4_OU_R_RI_01_3 1104 2064 328
048_GS4_OU_R_RI_01_4 1066 2057 327
049_GS4_IN_F_RI_01_1 532 845 92
049_GS4_IN_F_RI_01_2 474 837 94
049_GS4_IN_F_RI_01_3 486 834 95
049_GS4_IN_F_RI_01_4 480 843 94
049_GS4_IN_R_RI_01_1 1482 1959 276
049_GS4_IN_R_RI_01_2 1523 1980 281
049_GS4_IN_R_RI_01_3 1577 1964 290
049_GS4_IN_R_RI_01_4 1668 2056 290
049_GS4_OU_F_RI_01_1 768 915 79
049_GS4_OU_F_RI_01_2 758 932 78
049_GS4_OU_F_RI_01_3 738 939 78
049_GS4_OU_F_RI_01_4 734 947 78
049_GS4_OU_R_RI_01_1 1212 1825 177
049_GS4_OU_R_RI_01_2 1214 1789 184
049_GS4_OU_R_RI_01_3 1261 1756 183
049_GS4_OU_R_RI_01_4 1262 1741 183
050_GS4_IN_F_RI_01_1 613 636 120
050_GS4_IN_F_RI_01_2 642 655 118
050_GS4_IN_F_RI_01_3 653 643 117
050_GS4_IN_F_RI_01_4 713 627 106
050_GS4_IN_R_RI_01_1 1151 1798 244
050_GS4_IN_R_RI_01_2 1254 1719 250
050_GS4_IN_R_RI_01_3 1302 1682 251
050_GS4_IN_R_RI_01_4 1320 1688 238
050_GS4_OU_F_RI_01_1 713 664 103
050_GS4_OU_F_RI_01_2 724 673 102
050_GS4_OU_F_RI_01_3 740 655 102
050_GS4_OU_F_RI_01_4 759 664 102
050_GS4_OU_R_RI_01_1 1395 1762 237
050_GS4_OU_R_RI_01_2 1490 1712 239
050_GS4_OU_R_RI_01_3 1547 1729 242
050_GS4_OU_R_RI_01_4 1610 1693 243
051_GS4_IN_F_RI_01_1 555 1002 99
051_GS4_IN_F_RI_01_2 524 1003 93
051_GS4_IN_F_RI_01_3 544 1002 99
051_GS4_IN_F_RI_01_4 534 999 100
051_GS4_IN_R_RI_01_1 1173 2047 278
051_GS4_IN_R_RI_01_2 1186 2035 280
051_GS4_IN_R_RI_01_3 1188 2025 288
051_GS4_IN_R_RI_01_4 1184 2040 286
051_GS4_OU_F_RI_01_1 572 513 125
051_GS4_OU_F_RI_01_2 503 507 127
051_GS4_OU_F_RI_01_3 500 516 124
051_GS4_OU_F_RI_01_4 497 514 124
051_GS4_OU_R_RI_01_1 1569 1872 233
051_GS4_OU_R_RI_01_2 1579 1866 241
051_GS4_OU_R_RI_01_3 1558 1866 242
051_GS4_OU_R_RI_01_4 1542 1879 247
052_GS4_IN_F_RI_01_1 524 845 119
052_GS4_IN_F_RI_01_2 533 812 120
052_GS4_IN_F_RI_01_3 511 828 116
052_GS4_IN_F_RI_01_4 486 852 115
052_GS4_IN_R_RI_01_1 1392 1966 155
052_GS4_IN_R_RI_01_2 1607 2396 155
052_GS4_IN_R_RI_01_3 1300 2130 262
052_GS4_IN_R_RI_01_4 1375 2119 264
052_GS4_IN_R_RI_01_5 1273 2139 271
052_GS4_IN_R_RI_01_6 1335 2124 272
052_GS4_OU_F_RI_01_1 715 688 142
052_GS4_OU_F_RI_01_2 710 700 147
052_GS4_OU_F_RI_01_3 705 695 147
052_GS4_OU_F_RI_01_4 709 687 151
052_GS4_OU_R_RI_01_1 1820 1617 404
052_GS4_OU_R_RI_01_2 1766 1454 431
052_GS4_OU_R_RI_01_3 1061 1702 426
052_GS4_OU_R_RI_01_4 1104 1769 330
053_GS4_IN_F_RI_01_1 570 970 111
053_GS4_IN_F_RI_01_2 587 977 97
053_GS4_IN_F_RI_01_3 545 957 113
053_GS4_IN_F_RI_01_4 581 949 115
053_GS4_IN_R_RI_01_1 1200 1995 270
053_GS4_IN_R_RI_01_2 1184 1980 270
053_GS4_IN_R_RI_01_3 1204 2050 259
053_GS4_IN_R_RI_01_4 1189 1991 254
053_GS4_IN_R_RI_01_5 1190 1962 282
053_GS4_IN_R_RI_01_6 1210 1998 280
053_GS4_OU_F_RI_01_1 519 756 90
053_GS4_OU_F_RI_01_2 552 757 89
053_GS4_OU_F_RI_01_3 512 742 90
053_GS4_OU_F_RI_01_4 492 748 91
053_GS4_OU_R_RI_01_1 1641 1639 188
053_GS4_OU_R_RI_01_2 1584 1605 194
053_GS4_OU_R_RI_01_3 1470 1601 186
053_GS4_OU_R_RI_01_4 1463 1629 186
054_GS4_IN_F_LI_01_1 494 852 94
054_GS4_IN_F_LI_01_2 513 837 98
054_GS4_IN_F_LI_01_3 545 854 96
054_GS4_IN_F_LI_01_4 550 862 96
054_GS4_IN_R_LI_01_1 1192 2059 223
054_GS4_IN_R_LI_01_2 1170 2080 222
054_GS4_IN_R_LI_01_3 1158 2079 223
054_GS4_IN_R_LI_01_4 1174 2083 224
054_GS4_OU_F_LI_01_1 647 770 103
054_GS4_OU_F_LI_01_2 686 734 107
054_GS4_OU_F_LI_01_3 698 710 112
054_GS4_OU_F_LI_01_4 676 700 111
054_GS4_OU_R_LI_01_1 1366 1652 386
054_GS4_OU_R_LI_01_2 1499 1612 390
054_GS4_OU_R_LI_01_3 1500 1587 386
054_GS4_OU_R_LI_01_4 1482 1597 373
055_GS4_IN_F_LI_01_1 575 753 102
055_GS4_IN_F_LI_01_2 604 759 101
055_GS4_IN_F_LI_01_3 611 771 98
055_GS4_IN_F_LI_01_4 650 773 109
055_GS4_IN_R_LI_01_1 1262 2317 283
055_GS4_IN_R_LI_01_2 1492 2305 288
055_GS4_IN_R_LI_01_3 1608 2322 288
055_GS4_IN_R_LI_01_4 1670 2325 295
055_GS4_OU_F_LI_01_1 666 715 112
055_GS4_OU_F_LI_01_2 627 675 118
055_GS4_OU_F_LI_01_3 611 659 122
055_GS4_OU_F_LI_01_4 604 667 126
055_GS4_OU_R_LI_01_1 1315 1687 370
055_GS4_OU_R_LI_01_2 1356 1609 380
055_GS4_OU_R_LI_01_3 1321 1573 387
055_GS4_OU_R_LI_01_4 1309 1563 407
056_GS4_IN_F_LI_01_1 523 775 104
056_GS4_IN_F_LI_01_2 491 764 103
056_GS4_IN_F_LI_01_3 425 763 103
056_GS4_IN_F_LI_01_4 424 745 106
056_GS4_IN_R_LI_01_1 1125 1698 231
056_GS4_IN_R_LI_01_2 1116 1550 243
056_GS4_IN_R_LI_01_3 1153 1580 245
056_GS4_IN_R_LI_01_4 1077 1567 237
056_GS4_OU_F_LI_01_1 464 850 115
056_GS4_OU_F_LI_01_2 432 854 116
056_GS4_OU_F_LI_01_3 402 852 114
056_GS4_OU_F_LI_01_4 394 854 115
056_GS4_OU_R_LI_01_1 468 1422 257
056_GS4_OU_R_LI_01_2 440 1594 261
056_GS4_OU_R_LI_01_3 366 1593 268
056_GS4_OU_R_LI_01_4 972 1674 272
056_GS4_OU_R_LI_01_5 852 1698 273
057_GS4_IN_F_RI_01_1 604 861 105
057_GS4_IN_F_RI_01_2 598 858 104
057_GS4_IN_F_RI_01_3 640 841 103
057_GS4_IN_F_RI_01_4 623 839 102
057_GS4_IN_R_RI_01_1 1290 2032 314
057_GS4_IN_R_RI_01_2 1296 2040 306
057_GS4_IN_R_RI_01_3 1312 2051 268
057_GS4_IN_R_RI_01_4 1331 2060 301
057_GS4_OU_F_RI_01_1 495 796 69
057_GS4_OU_F_RI_01_2 513 777 70
057_GS4_OU_F_RI_01_3 506 763 69
057_GS4_OU_F_RI_01_4 514 737 70
057_GS4_OU_R_RI_01_1 1077 1741 198
057_GS4_OU_R_RI_01_2 1180 1695 201
057_GS4_OU_R_RI_01_3 1248 1664 202
057_GS4_OU_R_RI_01_4 1388 1555 209
058_GS4_IN_F_LI_01_1 527 672 97
058_GS4_IN_F_LI_01_2 501 655 99
058_GS4_IN_F_LI_01_3 519 677 96
058_GS4_IN_F_LI_01_4 521 682 94
058_GS4_IN_R_LI_01_1 1357 2007 223
058_GS4_IN_R_LI_01_2 1330 2000 223
058_GS4_IN_R_LI_01_3 1379 2002 224
058_GS4_IN_R_LI_01_4 1406 2038 219
058_GS4_OU_F_LI_01_1 708 748 86
058_GS4_OU_F_LI_01_2 695 741 88
058_GS4_OU_F_LI_01_3 707 731 90
058_GS4_OU_F_LI_01_4 714 709 92
058_GS4_OU_R_LI_01_1 733 1674 230
058_GS4_OU_R_LI_01_2 968 1673 244
058_GS4_OU_R_LI_01_3 952 1692 243
058_GS4_OU_R_LI_01_4 1016 1717 244
059_GS4_IN_F_RI_01_1 637 653 107
059_GS4_IN_F_RI_01_2 609 670 106
059_GS4_IN_F_RI_01_3 572 677 104
059_GS4_IN_F_RI_01_4 560 680 105
059_GS4_IN_R_RI_01_1 1209 1694 254
059_GS4_IN_R_RI_01_2 1230 1734 248
059_GS4_IN_R_RI_01_3 1209 1674 252
059_GS4_IN_R_RI_01_4 1200 1698 251
059_GS4_OU_F_RI_01_1 726 524 88
059_GS4_OU_F_RI_01_2 687 537 87
059_GS4_OU_F_RI_01_3 631 533 91
059_GS4_OU_F_RI_01_4 618 532 90
059_GS4_OU_R_RI_01_1 1748 1241 230
059_GS4_OU_R_RI_01_2 1713 1286 192
059_GS4_OU_R_RI_01_3 1646 1188 230
059_GS4_OU_R_RI_01_4 1650 1182 225
059_GS4_OU_R_RI_01_5 1660 1101 226
060_GS4_IN_F_RI_01_1 557 844 88
060_GS4_IN_F_RI_01_2 546 851 87
060_GS4_IN_F_RI_01_3 548 837 85
060_GS4_IN_F_RI_01_4 554 811 83
060_GS4_IN_R_RI_01_1 1426 2087 232
060_GS4_IN_R_RI_01_2 1447 2094 222
060_GS4_IN_R_RI_01_3 1415 2086 214
060_GS4_IN_R_RI_01_4 1408 2080 216
060_GS4_OU_F_RI_01_1 638 928 87
060_GS4_OU_F_RI_01_2 629 922 90
060_GS4_OU_F_RI_01_3 631 923 91
060_GS4_OU_F_RI_01_4 627 929 92
060_GS4_OU_R_RI_01_1 1366 1885 302
060_GS4_OU_R_RI_01_2 1397 1818 320
060_GS4_OU_R_RI_01_3 1418 1789 331
060_GS4_OU_R_RI_01_4 1528 1395 336
061_GS4_IN_F_RI_01_1 645 793 91
061_GS4_IN_F_RI_01_2 630 790 92
061_GS4_IN_F_RI_01_3 647 805 95
061_GS4_IN_F_RI_01_4 660 814 95
061_GS4_IN_R_RI_01_1 1190 1973 197
061_GS4_IN_R_RI_01_2 1134 1947 200
061_GS4_IN_R_RI_01_3 1140 1986 203
061_GS4_IN_R_RI_01_4 1155 1986 202
061_GS4_OU_F_RI_01_1 536 895 90
061_GS4_OU_F_RI_01_2 448 842 83
061_GS4_OU_F_RI_01_3 380 838 71
061_GS4_OU_F_RI_01_4 454 877 61
061_GS4_OU_R_RI_01_1 1278 1669 273
061_GS4_OU_R_RI_01_2 749 1546 268
061_GS4_OU_R_RI_01_3 669 1630 256
061_GS4_OU_R_RI_01_4 1024 1810 206
062_GS4_IN_F_RI_01_1 602 772 66
062_GS4_IN_F_RI_01_2 563 759 66
062_GS4_IN_F_RI_01_3 531 733 73
062_GS4_IN_F_RI_01_4 515 727 70
062_GS4_IN_R_RI_01_1 856 2228 199
062_GS4_IN_R_RI_01_2 898 2271 190
062_GS4_IN_R_RI_01_3 913 2275 185
062_GS4_IN_R_RI_01_4 846 2300 189
062_GS4_OU_F_RI_01_1 773 1118 65
062_GS4_OU_F_RI_01_2 824 1028 99
062_GS4_OU_F_RI_01_3 703 1088 79
062_GS4_OU_F_RI_01_4 612 1075 81
062_GS4_OU_R_RI_01_1 1264 1859 176
062_GS4_OU_R_RI_01_2 1211 2340 256
062_GS4_OU_R_RI_01_3 693 2188 138
062_GS4_OU_R_RI_01_4 1487 2201 188
063_GS4_IN_F_RI_01_1 613 659 107
063_GS4_IN_F_RI_01_2 620 660 104
063_GS4_IN_F_RI_01_3 601 619 110
063_GS4_IN_F_RI_01_4 649 632 110
063_GS4_IN_R_RI_01_1 1188 1801 260
063_GS4_IN_R_RI_01_2 1320 1812 266
063_GS4_IN_R_RI_01_3 1370 1771 266
063_GS4_IN_R_RI_01_4 1387 1761 273
063_GS4_OU_F_RI_01_1 824 815 64
063_GS4_OU_F_RI_01_2 855 789 65
063_GS4_OU_F_RI_01_3 886 782 66
063_GS4_OU_F_RI_01_4 892 779 64
063_GS4_OU_R_RI_01_1 1677 1294 158
063_GS4_OU_R_RI_01_2 1693 1220 163
063_GS4_OU_R_RI_01_3 1755 1204 167
063_GS4_OU_R_RI_01_4 1852 1135 171
064_GS4_IN_F_RI_01_1 392 729 96
064_GS4_IN_F_RI_01_2 367 743 98
064_GS4_IN_F_RI_01_3 365 728 99
064_GS4_IN_F_RI_01_4 386 756 102
064_GS4_IN_R_RI_01_1 1008 1721 309
064_GS4_IN_R_RI_01_2 1001 1716 311
064_GS4_IN_R_RI_01_3 905 1676 310
064_GS4_IN_R_RI_01_4 784 1700 298
064_GS4_OU_F_RI_01_1 776 730 61
064_GS4_OU_F_RI_01_2 758 696 65
064_GS4_OU_F_RI_01_3 842 707 50
064_GS4_OU_F_RI_01_4 722 693 65
064_GS4_OU_R_RI_01_1 1367 1578 147
064_GS4_OU_R_RI_01_2 1338 1602 143
064_GS4_OU_R_RI_01_3 1554 1535 151
064_GS4_OU_R_RI_01_4 1530 1571 152
065_GS4_IN_F_RI_01_1 473 565 99
065_GS4_IN_F_RI_01_2 500 572 104
065_GS4_IN_F_RI_01_3 554 606 106
065_GS4_IN_F_RI_01_4 589 625 104
065_GS4_IN_R_RI_01_1 1205 1909 206
065_GS4_IN_R_RI_01_2 1198 1885 214
065_GS4_IN_R_RI_01_3 1266 1899 216
065_GS4_OU_F_RI_01_1 640 609 95
065_GS4_OU_F_RI_01_2 677 624 103
065_GS4_OU_F_RI_01_3 692 622 101
065_GS4_OU_F_RI_01_4 690 630 101
065_GS4_OU_R_RI_01_1 1474 1956 220
065_GS4_OU_R_RI_01_2 1585 1932 229
065_GS4_OU_R_RI_01_3 1619 1861 227
065_GS4_OU_R_RI_01_4 1395 1755 227
066_GS4_IN_F_RI_01_1 475 784 140
066_GS4_IN_F_RI_01_2 460 809 150
066_GS4_IN_F_RI_01_3 457 809 155
066_GS4_IN_F_RI_01_4 405 787 162
066_GS4_IN_R_RI_01_1 1227 1413 289
066_GS4_IN_R_RI_01_2 1228 1429 297
066_GS4_IN_R_RI_01_3 1158 1425 299
066_GS4_IN_R_RI_01_4 1066 1436 299
066_GS4_OU_F_RI_01_1 512 961 159
066_GS4_OU_F_RI_01_2 584 960 160
066_GS4_OU_F_RI_01_3 530 954 153
066_GS4_OU_F_RI_01_4 647 918 160
066_GS4_OU_R_RI_01_1 1021 1482 312
066_GS4_OU_R_RI_01_2 1055 1467 382
066_GS4_OU_R_RI_01_3 1049 1727 365
066_GS4_OU_R_RI_01_4 948 1607 428
066_GS4_OU_R_RI_01_5 698 1141 306
067_GS4_IN_F_RI_01_1 640 704 118
067_GS4_IN_F_RI_01_2 621 717 120
067_GS4_IN_F_RI_01_3 619 724 115
067_GS4_IN_F_RI_01_4 584 743 119
067_GS4_IN_R_RI_01_1 908 1603 272
067_GS4_IN_R_RI_01_2 841 1578 265
067_GS4_IN_R_RI_01_3 802 1646 255
067_GS4_IN_R_RI_01_4 831 1601 262
067_GS4_OU_F_RI_01_1 685 757 96
067_GS4_OU_F_RI_01_2 544 723 95
067_GS4_OU_F_RI_01_3 371 802 94
067_GS4_OU_F_RI_01_4 563 698 96
067_GS4_OU_R_RI_01_1 1090 1522 265
067_GS4_OU_R_RI_01_2 1186 1385 290
067_GS4_OU_R_RI_01_3 1323 1466 251
067_GS4_OU_R_RI_01_4 1260 1526 248
068_GS4_IN_F_RI_01_1 509 689 156
068_GS4_IN_F_RI_01_2 543 710 160
068_GS4_IN_F_RI_01_3 545 726 163
068_GS4_IN_F_RI_01_4 571 723 170
068_GS4_IN_R_RI_01_1 1316 1897 357
068_GS4_IN_R_RI_01_2 1316 1888 378
068_GS4_IN_R_RI_01_3 1391 1945 379
068_GS4_IN_R_RI_01_4 1528 1925 395
068_GS4_IN_R_RI_01_5 2086 2207 214
068_GS4_OU_F_RI_01_1 586 1033 95
068_GS4_OU_F_RI_01_2 529 1147 89
068_GS4_OU_F_RI_01_3 458 846 78
068_GS4_OU_F_RI_01_4 327 802 89
068_GS4_OU_R_RI_01_1 1130 1795 204
068_GS4_OU_R_RI_01_2 1211 1744 199
068_GS4_OU_R_RI_01_3 1313 1751 182
068_GS4_OU_R_RI_01_4 1117 2165 215
069_GS4_IN_F_RI_01_1 538 724 155
069_GS4_IN_F_RI_01_2 547 718 156
069_GS4_IN_F_RI_01_3 553 709 159
069_GS4_IN_F_RI_01_4 585 724 160
069_GS4_IN_R_RI_01_1 1356 1475 233
069_GS4_IN_R_RI_01_2 1362 1470 235
069_GS4_IN_R_RI_01_3 1334 1473 235
069_GS4_IN_R_RI_01_4 1332 1483 237
069_GS4_OU_F_RI_01_1 650 527 185
069_GS4_OU_F_RI_01_2 666 585 183
069_GS4_OU_F_RI_01_3 630 643 182
069_GS4_OU_F_RI_01_4 380 648 170
069_GS4_OU_R_RI_01_1 1166 1196 389
069_GS4_OU_R_RI_01_2 845 1291 378
069_GS4_OU_R_RI_01_3 1018 1875 337
069_GS4_OU_R_RI_01_4 1373 998 346
070_GS4_IN_F_RI_01_1 483 1010 145
070_GS4_IN_F_RI_01_2 481 1013 148
070_GS4_IN_F_RI_01_3 491 1012 148
070_GS4_IN_F_RI_01_4 493 1020 151
070_GS4_IN_R_RI_01_1 1208 2110 283
070_GS4_IN_R_RI_01_2 1139 2132 288
070_GS4_IN_R_RI_01_3 1164 2138 295
070_GS4_IN_R_RI_01_4 1165 2157 297
070_GS4_IN_R_RI_01_5 1202 2137 186
070_GS4_OU_F_RI_01_1 579 617 181
070_GS4_OU_F_RI_01_2 594 586 183
070_GS4_OU_F_RI_01_3 603 592 181
070_GS4_OU_F_RI_01_4 639 600 179
070_GS4_OU_R_RI_01_1 1166 2036 324
070_GS4_OU_R_RI_01_2 1235 2096 327
070_GS4_OU_R_RI_01_3 1195 2096 335
070_GS4_OU_R_RI_01_4 1199 2106 336
071_GS4_IN_F_RI_01_1 417 654 146
071_GS4_IN_F_RI_01_2 452 670 148
071_GS4_IN_F_RI_01_3 432 680 148
071_GS4_IN_F_RI_01_4 446 701 148
071_GS4_IN_R_RI_01_1 1183 1796 302
071_GS4_IN_R_RI_01_2 1204 1813 310
071_GS4_IN_R_RI_01_3 1240 1885 312
071_GS4_IN_R_RI_01_4 1259 1879 321
071_GS4_OU_F_RI_01_1 643 701 146
071_GS4_OU_F_RI_01_2 660 715 151
071_GS4_OU_F_RI_01_3 666 719 149
071_GS4_OU_F_RI_01_4 665 719 154
071_GS4_OU_R_RI_01_1 1474 1548 396
071_GS4_OU_R_RI_01_2 1102 1455 397
071_GS4_OU_R_RI_01_3 1163 1370 431
071_GS4_OU_R_RI_01_4 1185 1344 456
072_GS4_IN_F_RI_01_1 710 1006 131
072_GS4_IN_F_RI_01_2 693 1006 132
072_GS4_IN_F_RI_01_3 693 975 132
072_GS4_IN_F_RI_01_4 694 977 132
072_GS4_IN_R_RI_01_1 1153 2058 325
072_GS4_IN_R_RI_01_2 1099 1989 313
072_GS4_IN_R_RI_01_3 1169 2070 336
072_GS4_IN_R_RI_01_4 1175 2034 333
072_GS4_OU_F_RI_01_1 519 716 145
072_GS4_OU_F_RI_01_2 420 820 132
072_GS4_OU_F_RI_01_3 436 801 131
072_GS4_OU_F_RI_01_4 361 792 129
072_GS4_OU_R_RI_01_1 1061 2005 367
072_GS4_OU_R_RI_01_2 1021 2025 375
072_GS4_OU_R_RI_01_3 1090 2037 389
072_GS4_OU_R_RI_01_4 1051 1988 377
073_GS4_IN_F_RI_01_1 795 844 98
073_GS4_IN_F_RI_01_2 785 831 99
073_GS4_IN_F_RI_01_3 795 825 101
073_GS4_IN_F_RI_01_4 826 809 103
073_GS4_IN_R_RI_01_1 1594 2009 263
073_GS4_IN_R_RI_01_2 1648 2090 256
073_GS4_IN_R_RI_01_3 1788 2048 256
073_GS4_IN_R_RI_01_4 1759 2090 248
073_GS4_OU_F_RI_01_1 559 712 101
073_GS4_OU_F_RI_01_2 588 708 102
073_GS4_OU_F_RI_01_3 576 717 100
073_GS4_OU_F_RI_01_4 588 710 100
073_GS4_OU_R_RI_01_1 1403 1319 234
073_GS4_OU_R_RI_01_2 1393 1316 245
073_GS4_OU_R_RI_01_3 1411 1315 183
073_GS4_OU_R_RI_01_4 1415 1243 249
074_GS4_IN_F_RI_01_1 481 666 96
074_GS4_IN_F_RI_01_2 432 668 96
074_GS4_IN_F_RI_01_3 416 669 96
074_GS4_IN_F_RI_01_4 403 665 96
074_GS4_IN_R_RI_01_1 1253 1863 265
074_GS4_IN_R_RI_01_2 1252 1834 268
074_GS4_IN_R_RI_01_3 1071 1977 265
074_GS4_IN_R_RI_01_4 957 1975 270
074_GS4_OU_F_RI_01_1 490 529 125
074_GS4_OU_F_RI_01_2 483 547 120
074_GS4_OU_F_RI_01_3 488 540 119
074_GS4_OU_F_RI_01_4 461 564 118
074_GS4_OU_R_RI_01_1 782 1430 238
074_GS4_OU_R_RI_01_2 594 1321 237
074_GS4_OU_R_RI_01_3 550 1237 261
074_GS4_OU_R_RI_01_4 427 1214 260
075_GS4_IN_F_LI_01_1 590 720 94
075_GS4_IN_F_LI_01_2 586 707 96
075_GS4_IN_F_LI_01_3 585 706 98
075_GS4_IN_F_LI_01_4 585 698 97
075_GS4_IN_R_LI_01_1 1414 1707 274
075_GS4_IN_R_LI_01_2 1386 1696 275
075_GS4_IN_R_LI_01_3 1400 1687 276
075_GS4_IN_R_LI_01_4 1399 1657 272
075_GS4_OU_F_LI_01_1 725 521 122
075_GS4_OU_F_LI_01_2 753 507 130
075_GS4_OU_F_LI_01_3 787 513 120
075_GS4_OU_F_LI_01_4 781 511 122
075_GS4_OU_R_LI_01_1 880 1331 418
075_GS4_OU_R_LI_01_2 1084 1159 412
075_GS4_OU_R_LI_01_3 1248 1050 370
075_GS4_OU_R_LI_01_4 1241 989 382
