001_GT2_IN_F_RI_01_1 322 256 59
001_GT2_IN_F_RI_01_2 312 252 65
001_GT2_IN_F_RI_01_3 305 261 60
001_GT2_IN_F_RI_01_4 323 261 63
001_GT2_OU_F_RI_01_1 302 245 68
001_GT2_OU_F_RI_01_2 318 261 63
001_GT2_OU_F_RI_01_3 305 206 71
001_GT2_OU_F_RI_01_4 319 242 63
002_GT2_IN_F_LI_01_1 356 157 54
002_GT2_IN_F_LI_01_2 324 187 45
002_GT2_IN_F_LI_01_3 307 220 42
002_GT2_IN_F_LI_01_4 300 191 41
002_GT2_OU_F_LI_01_1 334 194 62
002_GT2_OU_F_LI_01_2 318 188 52
002_GT2_OU_F_LI_01_3 316 197 45
002_GT2_OU_F_LI_01_4 286 187 42
003_GT2_IN_F_RI_01_1 323 238 43
003_GT2_IN_F_RI_01_2 328 244 44
003_GT2_IN_F_RI_01_3 323 246 44
003_GT2_IN_F_RI_01_4 322 240 43
003_GT2_OU_F_RI_01_1 336 216 59
003_GT2_OU_F_RI_01_2 347 217 60
003_GT2_OU_F_RI_01_3 364 233 63
003_GT2_OU_F_RI_01_4 369 236 59
004_GT2_IN_F_LI_01_1 303 199 70
004_GT2_IN_F_LI_01_2 339 202 58
004_GT2_IN_F_LI_01_3 331 195 58
004_GT2_IN_F_LI_01_4 319 196 61
004_GT2_OU_F_LI_01_1 317 185 91
004_GT2_OU_F_LI_01_2 302 181 93
004_GT2_OU_F_LI_01_3 286 164 85
004_GT2_OU_F_LI_01_4 291 155 92
005_GT2_IN_F_LI_01_1 338 111 62
005_GT2_IN_F_LI_01_2 337 143 68
005_GT2_IN_F_LI_01_3 335 142 64
005_GT2_IN_F_LI_01_4 347 129 66
005_GT2_OU_F_LI_01_1 335 171 55
005_GT2_OU_F_LI_01_2 343 173 55
005_GT2_OU_F_LI_01_3 341 174 54
005_GT2_OU_F_LI_01_4 331 166 54
006_GT2_IN_F_LI_01_1 285 125 49
006_GT2_IN_F_LI_01_2 285 124 51
006_GT2_IN_F_LI_01_3 314 97 51
006_GT2_IN_F_LI_01_4 318 100 50
006_GT2_OU_F_LI_01_1 282 134 53
006_GT2_OU_F_LI_01_2 284 117 53
006_GT2_OU_F_LI_01_3 276 129 52
006_GT2_OU_F_LI_01_4 271 171 52
007_GT2_IN_F_LI_01_1 502 198 36
007_GT2_IN_F_LI_01_2 505 197 35
007_GT2_IN_F_LI_01_3 509 189 35
007_GT2_IN_F_LI_01_4 498 208 32
007_GT2_OU_F_LI_01_1 438 226 26
007_GT2_OU_F_LI_01_2 377 198 34
007_GT2_OU_F_LI_01_3 381 201 32
007_GT2_OU_F_LI_01_4 384 193 30
008_GT2_IN_F_LI_01_1 274 111 46
008_GT2_IN_F_LI_01_2 280 108 44
008_GT2_IN_F_LI_01_3 284 110 44
008_GT2_IN_F_LI_01_4 287 98 45
008_GT2_OU_F_LI_01_1 384 154 33
008_GT2_OU_F_LI_01_2 372 132 40
008_GT2_OU_F_LI_01_3 377 131 40
008_GT2_OU_F_LI_01_4 372 120 42
009_GT2_IN_F_LI_01_1 272 124 69
009_GT2_IN_F_LI_01_2 70 218 69
009_GT2_IN_F_LI_01_3 156 103 103
009_GT2_IN_F_LI_01_4 147 102 94
009_GT2_IN_F_LI_01_5 165 112 92
009_GT2_OU_F_LI_01_1 141 152 73
009_GT2_OU_F_LI_01_2 136 162 71
009_GT2_OU_F_LI_01_3 141 166 72
009_GT2_OU_F_LI_01_4 138 168 70
010_GT2_IN_F_RI_01_1 247 125 63
010_GT2_IN_F_RI_01_2 293 146 66
010_GT2_IN_F_RI_01_3 318 129 72
010_GT2_IN_F_RI_01_4 328 118 73
010_GT2_OU_F_RI_01_1 271 187 73
010_GT2_OU_F_RI_01_2 289 192 69
010_GT2_OU_F_RI_01_3 332 179 76
010_GT2_OU_F_RI_01_4 362 181 85
010_GT2_OU_F_RI_01_5 403 165 94
011_GT2_IN_F_LI_01_1 244 56 55
011_GT2_IN_F_LI_01_2 269 217 85
011_GT2_IN_F_LI_01_3 255 217 90
011_GT2_IN_F_LI_01_4 241 239 78
012_GT2_IN_F_RI_01_1 317 133 56
012_GT2_IN_F_RI_01_2 316 130 58
012_GT2_IN_F_RI_01_3 326 133 58
012_GT2_IN_F_RI_01_4 320 132 59
012_GT2_IN_F_RI_01_5 329 127 60
012_GT2_OU_F_RI_01_1 242 170 33
012_GT2_OU_F_RI_01_2 238 171 32
012_GT2_OU_F_RI_01_3 232 169 33
012_GT2_OU_F_RI_01_4 225 159 35
013_GT2_IN_F_RI_01_1 211 160 51
013_GT2_IN_F_RI_01_2 259 158 47
013_GT2_IN_F_RI_01_3 252 163 46
013_GT2_IN_F_RI_01_4 225 145 45
013_GT2_OU_F_RI_01_1 274 145 57
013_GT2_OU_F_RI_01_2 284 144 56
013_GT2_OU_F_RI_01_3 303 145 56
013_GT2_OU_F_RI_01_4 311 142 57
014_GT2_IN_F_RI_01_1 299 158 62
014_GT2_IN_F_RI_01_2 245 149 63
014_GT2_IN_F_RI_01_3 304 119 69
014_GT2_IN_F_RI_01_4 293 124 61
014_GT2_OU_F_RI_01_1 295 226 43
014_GT2_OU_F_RI_01_2 252 276 40
014_GT2_OU_F_RI_01_3 287 400 44
014_GT2_OU_F_RI_01_4 331 233 46
015_GT2_IN_F_LI_01_1 302 136 51
015_GT2_IN_F_LI_01_2 315 129 53
015_GT2_IN_F_LI_01_3 313 141 52
015_GT2_IN_F_LI_01_4 313 139 52
015_GT2_OU_F_LI_01_1 312 120 46
015_GT2_OU_F_LI_01_2 298 103 49
015_GT2_OU_F_LI_01_3 306 102 49
015_GT2_OU_F_LI_01_4 310 111 50
015_GT2_OU_F_LI_01_5 309 144 50
016_GT2_IN_F_LI_01_1 296 144 69
016_GT2_IN_F_LI_01_2 289 121 72
016_GT2_IN_F_LI_01_3 290 109 73
016_GT2_IN_F_LI_01_4 304 109 74
016_GT2_OU_F_LI_01_1 338 163 78
016_GT2_OU_F_LI_01_2 323 155 79
016_GT2_OU_F_LI_01_3 318 151 80
016_GT2_OU_F_LI_01_4 286 231 63
016_GT2_OU_F_LI_01_5 299 167 72
017_GT2_IN_F_LI_01_1 311 79 52
017_GT2_IN_F_LI_01_2 308 57 56
017_GT2_IN_F_LI_01_3 307 60 55
017_GT2_IN_F_LI_01_4 298 59 55
017_GT2_OU_F_LI_01_1 251 48 39
017_GT2_OU_F_LI_01_2 256 42 39
017_GT2_OU_F_LI_01_3 264 52 40
017_GT2_OU_F_LI_01_4 276 65 43
018_GT2_IN_F_RI_01_1 277 212 41
018_GT2_IN_F_RI_01_2 268 208 42
018_GT2_IN_F_RI_01_3 269 202 41
018_GT2_IN_F_RI_01_4 272 202 42
018_GT2_OU_F_RI_01_1 298 270 40
018_GT2_OU_F_RI_01_2 299 270 40
018_GT2_OU_F_RI_01_3 302 269 40
018_GT2_OU_F_RI_01_4 308 267 40
019_GT2_IN_F_RI_01_1 242 208 23
019_GT2_IN_F_RI_01_2 204 178 32
019_GT2_IN_F_RI_01_3 192 175 31
019_GT2_IN_F_RI_01_4 196 173 31
019_GT2_IN_F_RI_01_5 206 168 32
019_GT2_IN_F_RI_01_6 205 165 31
019_GT2_OU_F_RI_01_1 341 174 38
019_GT2_OU_F_RI_01_2 345 164 39
019_GT2_OU_F_RI_01_3 342 165 39
019_GT2_OU_F_RI_01_4 331 167 39
020_GT2_IN_F_LI_01_1 331 255 59
020_GT2_IN_F_LI_01_2 335 244 52
020_GT2_IN_F_LI_01_3 337 238 53
020_GT2_IN_F_LI_01_4 330 250 53
020_GT2_IN_F_LI_01_5 330 247 52
020_GT2_OU_F_LI_01_1 410 160 44
020_GT2_OU_F_LI_01_2 339 93 70
020_GT2_OU_F_LI_01_3 331 96 69
020_GT2_OU_F_LI_01_4 333 107 68
020_GT2_OU_F_LI_01_5 333 104 67
021_GT2_IN_F_RI_01_1 277 115 49
021_GT2_IN_F_RI_01_2 274 106 51
021_GT2_IN_F_RI_01_3 263 111 49
021_GT2_IN_F_RI_01_4 270 109 49
021_GT2_IN_F_RI_01_5 264 100 50
021_GT2_OU_F_RI_01_1 305 179 62
021_GT2_OU_F_RI_01_2 312 175 61
021_GT2_OU_F_RI_01_3 316 171 62
021_GT2_OU_F_RI_01_4 315 169 61
021_GT2_OU_F_RI_01_5 317 173 62
022_GT2_IN_F_RI_01_1 314 153 42
022_GT2_IN_F_RI_01_2 312 146 44
022_GT2_IN_F_RI_01_3 310 149 44
022_GT2_IN_F_RI_01_4 315 150 43
022_GT2_OU_F_RI_01_1 261 111 57
022_GT2_OU_F_RI_01_2 244 117 55
022_GT2_OU_F_RI_01_3 248 116 55
022_GT2_OU_F_RI_01_4 258 107 52
023_GT2_IN_F_LI_01_1 437 256 45
023_GT2_IN_F_LI_01_2 443 258 45
023_GT2_IN_F_LI_01_3 443 256 45
023_GT2_IN_F_LI_01_4 445 258 45
023_GT2_OU_F_LI_01_1 291 201 68
023_GT2_OU_F_LI_01_2 286 205 67
023_GT2_OU_F_LI_01_3 291 193 65
023_GT2_OU_F_LI_01_4 291 192 65
024_GT2_IN_F_RI_01_1 325 102 44
024_GT2_IN_F_RI_01_2 343 80 45
024_GT2_IN_F_RI_01_3 349 78 46
024_GT2_IN_F_RI_01_4 353 63 45
024_GT2_IN_F_RI_01_5 281 110 48
024_GT2_OU_F_RI_01_1 333 226 46
024_GT2_OU_F_RI_01_2 330 219 46
024_GT2_OU_F_RI_01_3 340 214 49
024_GT2_OU_F_RI_01_4 348 206 49
025_GT2_IN_F_RI_01_1 310 161 38
025_GT2_IN_F_RI_01_2 319 160 38
025_GT2_IN_F_RI_01_3 324 154 38
025_GT2_IN_F_RI_01_4 328 156 37
025_GT2_OU_F_RI_01_1 304 182 37
025_GT2_OU_F_RI_01_2 301 188 37
025_GT2_OU_F_RI_01_3 297 194 35
025_GT2_OU_F_RI_01_4 299 183 34
026_GT2_IN_F_RI_01_1 352 198 45
026_GT2_IN_F_RI_01_2 357 199 44
026_GT2_IN_F_RI_01_3 353 200 45
026_GT2_IN_F_RI_01_4 349 204 45
026_GT2_OU_F_RI_01_1 353 210 47
026_GT2_OU_F_RI_01_2 352 203 46
026_GT2_OU_F_RI_01_3 352 204 45
026_GT2_OU_F_RI_01_4 353 206 45
027_GT2_IN_F_RI_01_1 405 180 34
027_GT2_IN_F_RI_01_2 404 179 34
027_GT2_IN_F_RI_01_3 435 163 35
027_GT2_IN_F_RI_01_4 423 175 39
027_GT2_OU_F_RI_01_1 381 198 32
027_GT2_OU_F_RI_01_2 371 201 33
027_GT2_OU_F_RI_01_3 381 197 33
027_GT2_OU_F_RI_01_4 382 196 33
028_GT2_IN_F_RI_01_1 293 113 39
028_GT2_IN_F_RI_01_2 302 110 40
028_GT2_IN_F_RI_01_3 290 109 38
028_GT2_IN_F_RI_01_4 278 108 39
028_GT2_OU_F_RI_01_1 275 138 49
028_GT2_OU_F_RI_01_2 272 126 49
028_GT2_OU_F_RI_01_3 269 127 49
028_GT2_OU_F_RI_01_4 266 122 49
029_GT2_IN_F_RI_01_1 347 97 40
029_GT2_IN_F_RI_01_2 318 88 37
029_GT2_IN_F_RI_01_3 306 83 36
029_GT2_IN_F_RI_01_4 304 86 36
029_GT2_OU_F_RI_01_1 324 144 46
029_GT2_OU_F_RI_01_2 328 135 48
029_GT2_OU_F_RI_01_3 303 127 50
029_GT2_OU_F_RI_01_4 292 121 49
030_GT2_IN_F_RI_01_1 262 89 44
030_GT2_IN_F_RI_01_2 274 92 44
030_GT2_IN_F_RI_01_3 284 93 45
030_GT2_IN_F_RI_01_4 291 174 40
030_GT2_IN_F_RI_01_5 294 169 42
030_GT2_IN_F_RI_01_6 297 173 42
030_GT2_OU_F_RI_01_1 309 186 48
030_GT2_OU_F_RI_01_2 308 193 48
030_GT2_OU_F_RI_01_3 316 191 47
030_GT2_OU_F_RI_01_4 309 191 45
031_GT2_IN_F_RI_01_1 349 108 54
031_GT2_IN_F_RI_01_2 355 99 56
031_GT2_IN_F_RI_01_3 359 146 51
031_GT2_IN_F_RI_01_4 357 136 56
031_GT2_OU_F_RI_01_1 315 131 63
031_GT2_OU_F_RI_01_2 337 107 69
031_GT2_OU_F_RI_01_3 334 114 70
031_GT2_OU_F_RI_01_4 344 116 73
032_GT2_IN_F_RI_01_1 308 148 49
032_GT2_IN_F_RI_01_2 314 163 45
032_GT2_IN_F_RI_01_3 302 163 43
032_GT2_IN_F_RI_01_4 304 165 42
032_GT2_OU_F_RI_01_1 310 188 46
032_GT2_OU_F_RI_01_2 295 172 45
032_GT2_OU_F_RI_01_3 307 163 46
032_GT2_OU_F_RI_01_4 303 178 45
033_GT2_IN_F_RI_01_1 256 130 39
033_GT2_IN_F_RI_01_2 294 139 29
033_GT2_IN_F_RI_01_3 298 130 30
033_GT2_IN_F_RI_01_4 297 134 29
033_GT2_OU_F_RI_01_1 353 171 34
033_GT2_OU_F_RI_01_2 361 163 34
033_GT2_OU_F_RI_01_3 364 158 35
033_GT2_OU_F_RI_01_4 364 158 34
034_GT2_IN_F_RI_01_1 317 140 41
034_GT2_IN_F_RI_01_2 320 138 43
034_GT2_IN_F_RI_01_3 321 139 42
034_GT2_IN_F_RI_01_4 320 137 41
034_GT2_OU_F_RI_01_1 337 186 47
034_GT2_OU_F_RI_01_2 340 184 47
034_GT2_OU_F_RI_01_3 333 188 46
034_GT2_OU_F_RI_01_4 344 183 47
035_GT2_IN_F_RI_01_1 431 110 41
035_GT2_IN_F_RI_01_2 416 115 41
035_GT2_IN_F_RI_01_3 426 101 42
035_GT2_IN_F_RI_01_4 427 100 44
035_GT2_OU_F_RI_01_1 430 139 44
035_GT2_OU_F_RI_01_2 423 146 44
035_GT2_OU_F_RI_01_3 415 141 45
035_GT2_OU_F_RI_01_4 389 156 44
036_GT2_IN_F_RI_01_1 345 134 35
036_GT2_IN_F_RI_01_2 351 138 35
036_GT2_IN_F_RI_01_3 346 140 35
036_GT2_IN_F_RI_01_4 342 138 35
036_GT2_IN_F_RI_01_5 508 256 35
036_GT2_IN_F_RI_01_6 431 218 34
036_GT2_OU_F_RI_01_1 312 280 43
036_GT2_OU_F_RI_01_2 312 277 42
036_GT2_OU_F_RI_01_3 314 278 41
036_GT2_OU_F_RI_01_4 344 270 40
036_GT2_OU_F_RI_01_5 345 270 39
037_GT2_IN_F_RI_01_1 332 117 44
037_GT2_IN_F_RI_01_2 322 102 48
037_GT2_IN_F_RI_01_3 334 102 50
037_GT2_IN_F_RI_01_4 329 96 51
037_GT2_OU_F_RI_01_1 318 104 38
037_GT2_OU_F_RI_01_2 318 97 39
037_GT2_OU_F_RI_01_3 318 103 39
037_GT2_OU_F_RI_01_4 310 101 39
038_GT2_IN_F_RI_01_1 272 137 43
038_GT2_IN_F_RI_01_2 271 128 44
038_GT2_IN_F_RI_01_3 271 129 43
038_GT2_IN_F_RI_01_4 273 120 44
038_GT2_OU_F_RI_01_1 291 144 47
038_GT2_OU_F_RI_01_2 290 142 47
038_GT2_OU_F_RI_01_3 285 134 49
038_GT2_OU_F_RI_01_4 286 122 51
039_GT2_IN_F_RI_01_1 318 264 54
039_GT2_IN_F_RI_01_2 316 266 54
039_GT2_IN_F_RI_01_3 314 265 53
039_GT2_IN_F_RI_01_4 310 264 53
039_GT2_OU_F_RI_01_1 302 300 53
039_GT2_OU_F_RI_01_2 299 300 55
039_GT2_OU_F_RI_01_3 296 294 57
039_GT2_OU_F_RI_01_4 298 289 57
040_GT2_IN_F_RI_01_1 298 114 38
040_GT2_IN_F_RI_01_2 297 112 39
040_GT2_IN_F_RI_01_3 290 118 39
040_GT2_IN_F_RI_01_4 293 119 39
040_GT2_OU_F_RI_01_1 317 106 46
040_GT2_OU_F_RI_01_2 312 110 48
040_GT2_OU_F_RI_01_3 329 92 50
040_GT2_OU_F_RI_01_4 322 96 50
041_GT2_IN_F_RI_01_1 323 187 48
041_GT2_IN_F_RI_01_2 331 182 46
041_GT2_IN_F_RI_01_3 330 177 47
041_GT2_IN_F_RI_01_4 327 172 46
041_GT2_OU_F_RI_01_1 378 181 42
041_GT2_OU_F_RI_01_2 394 158 45
041_GT2_OU_F_RI_01_3 396 152 45
041_GT2_OU_F_RI_01_4 400 146 44
042_GT2_IN_F_RI_01_1 220 163 48
042_GT2_IN_F_RI_01_2 219 164 48
042_GT2_IN_F_RI_01_3 210 171 48
042_GT2_IN_F_RI_01_4 209 166 50
042_GT2_OU_F_RI_01_1 388 163 53
042_GT2_OU_F_RI_01_2 386 154 54
042_GT2_OU_F_RI_01_3 392 155 54
042_GT2_OU_F_RI_01_4 403 147 57
043_GT2_IN_F_LI_01_1 325 122 51
043_GT2_IN_F_LI_01_2 323 108 51
043_GT2_IN_F_LI_01_3 326 101 53
043_GT2_IN_F_LI_01_4 327 97 51
043_GT2_OU_F_LI_01_1 319 101 43
043_GT2_OU_F_LI_01_2 320 93 44
043_GT2_OU_F_LI_01_3 317 88 42
043_GT2_OU_F_LI_01_4 319 83 43
044_GT2_IN_F_LI_01_1 358 122 53
044_GT2_IN_F_LI_01_2 356 104 53
044_GT2_IN_F_LI_01_3 368 141 53
044_GT2_IN_F_LI_01_4 365 140 51
044_GT2_OU_F_LI_01_1 351 174 40
044_GT2_OU_F_LI_01_2 353 168 41
044_GT2_OU_F_LI_01_3 358 167 40
044_GT2_OU_F_LI_01_4 366 162 40
045_GT2_IN_F_LI_01_1 386 93 49
045_GT2_IN_F_LI_01_2 389 85 51
045_GT2_IN_F_LI_01_3 392 87 51
045_GT2_IN_F_LI_01_4 393 90 50
045_GT2_OU_F_LI_01_1 349 133 50
045_GT2_OU_F_LI_01_2 350 123 51
045_GT2_OU_F_LI_01_3 357 115 54
045_GT2_OU_F_LI_01_4 354 117 53
046_GT2_IN_F_LI_01_1 300 139 96
046_GT2_IN_F_LI_01_2 301 131 97
046_GT2_IN_F_LI_01_3 276 126 96
046_GT2_IN_F_LI_01_4 263 131 96
046_GT2_OU_F_LI_01_1 305 171 59
046_GT2_OU_F_LI_01_2 299 167 61
046_GT2_OU_F_LI_01_3 299 168 62
046_GT2_OU_F_LI_01_4 304 185 61
047_GT2_IN_F_LI_01_1 296 128 53
047_GT2_IN_F_LI_01_2 295 124 53
047_GT2_IN_F_LI_01_3 290 120 54
047_GT2_IN_F_LI_01_4 292 116 54
047_GT2_OU_F_LI_01_1 298 222 54
047_GT2_OU_F_LI_01_2 292 218 55
047_GT2_OU_F_LI_01_3 290 213 54
047_GT2_OU_F_LI_01_4 285 212 54
048_GT2_IN_F_RI_01_1 427 231 50
048_GT2_IN_F_RI_01_2 439 232 51
048_GT2_IN_F_RI_01_3 431 222 50
048_GT2_IN_F_RI_01_4 454 222 51
048_GT2_OU_F_RI_01_1 375 241 46
048_GT2_OU_F_RI_01_2 375 224 46
048_GT2_OU_F_RI_01_3 332 200 47
048_GT2_OU_F_RI_01_4 328 190 47
049_GT2_IN_F_RI_01_1 161 139 66
049_GT2_IN_F_RI_01_2 128 176 66
049_GT2_IN_F_RI_01_3 119 170 67
049_GT2_IN_F_RI_01_4 108 165 69
049_GT2_OU_F_RI_01_1 383 183 62
049_GT2_OU_F_RI_01_2 461 173 84
049_GT2_OU_F_RI_01_3 476 133 85
049_GT2_OU_F_RI_01_4 475 132 86
049_GT2_OU_F_RI_01_5 489 110 90
050_GT2_IN_F_RI_01_1 381 132 54
050_GT2_IN_F_RI_01_2 399 129 53
050_GT2_IN_F_RI_01_3 399 136 53
050_GT2_IN_F_RI_01_4 400 131 53
050_GT2_OU_F_RI_01_1 311 144 36
050_GT2_OU_F_RI_01_2 310 147 36
050_GT2_OU_F_RI_01_3 314 152 34
050_GT2_OU_F_RI_01_4 315 144 35
051_GT2_IN_F_RI_01_1 294 78 60
051_GT2_IN_F_RI_01_2 291 94 56
051_GT2_IN_F_RI_01_3 293 89 57
051_GT2_IN_F_RI_01_4 267 123 62
051_GT2_IN_F_RI_01_5 256 101 62
051_GT2_OU_F_RI_01_1 269 126 39
051_GT2_OU_F_RI_01_2 272 126 39
051_GT2_OU_F_RI_01_3 276 126 41
051_GT2_OU_F_RI_01_4 273 122 42
052_GT2_IN_F_RI_01_1 521 179 78
052_GT2_IN_F_RI_01_2 522 183 78
052_GT2_IN_F_RI_01_3 469 231 71
052_GT2_IN_F_RI_01_4 484 240 74
052_GT2_IN_F_RI_01_5 489 245 76
052_GT2_OU_F_RI_01_1 265 178 49
052_GT2_OU_F_RI_01_2 266 167 47
052_GT2_OU_F_RI_01_3 253 215 45
052_GT2_OU_F_RI_01_4 255 216 45
052_GT2_OU_F_RI_01_5 332 121 53
052_GT2_OU_F_RI_01_6 288 136 69
053_GT2_IN_F_RI_01_1 329 224 54
053_GT2_IN_F_RI_01_2 324 218 50
053_GT2_IN_F_RI_01_3 333 225 50
053_GT2_IN_F_RI_01_4 339 214 49
053_GT2_OU_F_RI_01_1 317 65 49
053_GT2_OU_F_RI_01_2 323 54 48
053_GT2_OU_F_RI_01_3 319 63 48
053_GT2_OU_F_RI_01_4 318 53 49
054_GT2_IN_F_LI_01_1 226 285 31
054_GT2_IN_F_LI_01_2 351 270 51
054_GT2_IN_F_LI_01_3 345 259 51
054_GT2_IN_F_LI_01_4 357 256 52
054_GT2_IN_F_LI_01_5 367 266 52
054_GT2_OU_F_LI_01_1 271 230 36
054_GT2_OU_F_LI_01_2 272 223 37
054_GT2_OU_F_LI_01_3 283 227 36
054_GT2_OU_F_LI_01_4 290 224 37
055_GT2_IN_F_LI_01_1 407 148 60
055_GT2_IN_F_LI_01_2 407 147 62
055_GT2_IN_F_LI_01_3 405 146 63
055_GT2_IN_F_LI_01_4 410 145 65
055_GT2_OU_F_LI_01_1 354 162 51
055_GT2_OU_F_LI_01_2 363 156 53
055_GT2_OU_F_LI_01_3 361 149 53
055_GT2_OU_F_LI_01_4 362 145 54
056_GT2_IN_F_LI_01_1 330 136 41
056_GT2_IN_F_LI_01_2 321 135 40
056_GT2_IN_F_LI_01_3 319 131 40
056_GT2_IN_F_LI_01_4 313 126 40
056_GT2_IN_F_LI_01_5 301 121 39
056_GT2_OU_F_LI_01_1 319 140 39
056_GT2_OU_F_LI_01_2 323 123 40
056_GT2_OU_F_LI_01_3 287 111 40
056_GT2_OU_F_LI_01_4 290 111 39
057_GT2_IN_F_RI_01_1 371 198 62
057_GT2_IN_F_RI_01_2 382 200 65
057_GT2_IN_F_RI_01_3 390 203 65
057_GT2_IN_F_RI_01_4 400 205 68
057_GT2_OU_F_RI_01_1 277 191 49
057_GT2_OU_F_RI_01_2 294 192 54
057_GT2_OU_F_RI_01_3 282 205 53
057_GT2_OU_F_RI_01_4 337 196 59
058_GT2_IN_F_LI_01_1 344 170 41
058_GT2_IN_F_LI_01_2 336 177 41
058_GT2_IN_F_LI_01_3 337 176 40
058_GT2_IN_F_LI_01_4 330 172 42
058_GT2_OU_F_LI_01_1 277 165 31
058_GT2_OU_F_LI_01_2 279 167 32
058_GT2_OU_F_LI_01_3 267 173 32
058_GT2_OU_F_LI_01_4 260 169 32
059_GT2_IN_F_RI_01_1 404 158 56
059_GT2_IN_F_RI_01_2 386 162 56
059_GT2_IN_F_RI_01_3 387 157 57
059_GT2_IN_F_RI_01_4 383 151 57
059_GT2_OU_F_RI_01_1 331 144 48
059_GT2_OU_F_RI_01_2 307 129 50
059_GT2_OU_F_RI_01_3 304 132 51
059_GT2_OU_F_RI_01_4 290 133 51
059_GT2_OU_F_RI_01_5 432 167 53
060_GT2_IN_F_RI_01_1 326 119 54
060_GT2_IN_F_RI_01_2 330 122 56
060_GT2_IN_F_RI_01_3 333 124 54
060_GT2_IN_F_RI_01_4 332 128 53
060_GT2_OU_F_RI_01_1 353 207 33
060_GT2_OU_F_RI_01_2 363 202 32
060_GT2_OU_F_RI_01_3 365 201 33
060_GT2_OU_F_RI_01_4 373 208 32
060_GT2_OU_F_RI_01_5 377 208 33
060_GT2_OU_F_RI_01_6 384 218 35
060_GT2_OU_F_RI_01_7 387 219 34
060_GT2_OU_F_RI_01_8 391 224 35
061_GT2_IN_F_RI_01_1 337 195 25
061_GT2_IN_F_RI_01_2 342 198 25
061_GT2_IN_F_RI_01_3 344 204 26
061_GT2_IN_F_RI_01_4 339 200 26
061_GT2_OU_F_RI_01_1 288 154 28
061_GT2_OU_F_RI_01_2 272 176 27
061_GT2_OU_F_RI_01_3 246 194 27
061_GT2_OU_F_RI_01_4 227 203 26
062_GT2_IN_F_RI_01_1 304 93 29
062_GT2_IN_F_RI_01_2 299 91 30
062_GT2_IN_F_RI_01_3 298 94 29
062_GT2_IN_F_RI_01_4 297 92 30
062_GT2_OU_F_RI_01_1 250 261 28
062_GT2_OU_F_RI_01_2 266 267 27
062_GT2_OU_F_RI_01_3 257 281 27
062_GT2_OU_F_RI_01_4 245 278 25
063_GT2_IN_F_RI_01_1 262 132 41
063_GT2_IN_F_RI_01_2 265 130 40
063_GT2_IN_F_RI_01_3 260 120 42
063_GT2_IN_F_RI_01_4 267 118 41
063_GT2_OU_F_RI_01_1 327 189 38
063_GT2_OU_F_RI_01_2 278 92 34
063_GT2_OU_F_RI_01_3 360 172 31
063_GT2_OU_F_RI_01_4 313 116 32
064_GT2_IN_F_RI_01_1 334 138 43
064_GT2_IN_F_RI_01_2 317 133 44
064_GT2_IN_F_RI_01_3 300 135 46
064_GT2_IN_F_RI_01_4 297 134 48
064_GT2_IN_F_RI_01_5 295 129 48
064_GT2_OU_F_RI_01_1 340 152 26
064_GT2_OU_F_RI_01_2 321 139 40
064_GT2_OU_F_RI_01_3 336 137 41
064_GT2_OU_F_RI_01_4 364 168 36
064_GT2_OU_F_RI_01_5 337 131 41
065_GT2_IN_F_RI_01_1 312 133 32
065_GT2_IN_F_RI_01_2 314 135 33
065_GT2_IN_F_RI_01_3 298 134 33
065_GT2_IN_F_RI_01_4 298 137 34
065_GT2_OU_F_RI_01_1 367 145 43
065_GT2_OU_F_RI_01_2 327 177 36
065_GT2_OU_F_RI_01_3 320 197 35
065_GT2_OU_F_RI_01_4 367 214 34
066_GT2_IN_F_RI_01_1 361 268 67
066_GT2_IN_F_RI_01_2 341 252 74
066_GT2_IN_F_RI_01_3 340 260 86
066_GT2_IN_F_RI_01_4 348 269 85
066_GT2_OU_F_RI_01_1 293 212 59
066_GT2_OU_F_RI_01_2 316 245 64
066_GT2_OU_F_RI_01_3 316 227 70
066_GT2_OU_F_RI_01_4 289 192 73
067_GT2_IN_F_RI_01_1 438 135 54
067_GT2_IN_F_RI_01_2 442 127 53
067_GT2_IN_F_RI_01_3 438 129 54
067_GT2_IN_F_RI_01_4 441 131 54
067_GT2_OU_F_RI_01_1 422 140 54
067_GT2_OU_F_RI_01_2 388 176 52
067_GT2_OU_F_RI_01_3 393 171 53
067_GT2_OU_F_RI_01_4 426 195 54
067_GT2_OU_F_RI_01_5 420 184 55
067_GT2_OU_F_RI_01_6 410 195 59
067_GT2_OU_F_RI_01_7 433 231 59
068_GT2_IN_F_RI_01_1 278 224 49
068_GT2_IN_F_RI_01_2 280 224 49
068_GT2_IN_F_RI_01_3 279 231 49
068_GT2_IN_F_RI_01_4 283 234 50
068_GT2_OU_F_RI_01_5 353 189 58
068_GT2_OU_F_RI_01_6 366 155 62
068_GT2_OU_F_RI_01_7 328 150 59
068_GT2_OU_F_RI_01_8 327 133 62
069_GT2_IN_F_RI_01_1 250 158 58
069_GT2_IN_F_RI_01_2 252 165 56
069_GT2_IN_F_RI_01_3 254 163 57
069_GT2_IN_F_RI_01_4 255 169 57
069_GT2_OU_F_RI_01_1 298 143 59
069_GT2_OU_F_RI_01_2 277 167 54
069_GT2_OU_F_RI_01_3 277 149 56
069_GT2_OU_F_RI_01_4 273 145 58
069_GT2_OU_F_RI_01_5 175 154 62
070_GT2_IN_F_RI_01_1 314 178 60
070_GT2_IN_F_RI_01_2 318 176 62
070_GT2_IN_F_RI_01_3 318 176 62
070_GT2_IN_F_RI_01_4 320 177 63
070_GT2_OU_F_RI_01_1 308 193 53
070_GT2_OU_F_RI_01_2 309 198 52
070_GT2_OU_F_RI_01_3 314 195 52
070_GT2_OU_F_RI_01_4 328 199 52
071_GT2_IN_F_RI_01_1 270 97 57
071_GT2_IN_F_RI_01_2 265 103 58
071_GT2_IN_F_RI_01_3 258 117 57
071_GT2_IN_F_RI_01_4 258 141 57
071_GT2_OU_F_RI_01_1 323 205 55
071_GT2_OU_F_RI_01_2 313 203 55
071_GT2_OU_F_RI_01_3 300 200 57
071_GT2_OU_F_RI_01_4 293 199 58
072_GT2_IN_F_RI_01_1 482 172 57
072_GT2_IN_F_RI_01_2 494 170 60
072_GT2_IN_F_RI_01_3 498 186 63
072_GT2_IN_F_RI_01_4 503 186 63
072_GT2_OU_F_RI_01_1 359 243 48
072_GT2_OU_F_RI_01_2 353 239 50
072_GT2_OU_F_RI_01_3 353 239 51
072_GT2_OU_F_RI_01_4 347 237 52
073_GT2_IN_F_RI_01_1 320 141 39
073_GT2_IN_F_RI_01_2 325 148 39
073_GT2_IN_F_RI_01_3 324 150 40
073_GT2_IN_F_RI_01_4 326 155 41
073_GT2_OU_F_RI_01_1 359 236 46
073_GT2_OU_F_RI_01_2 362 232 46
073_GT2_OU_F_RI_01_3 356 235 47
073_GT2_OU_F_RI_01_4 352 233 46
074_GT2_IN_F_RI_01_1 213 124 39
074_GT2_IN_F_RI_01_2 227 133 38
074_GT2_IN_F_RI_01_3 222 129 38
074_GT2_IN_F_RI_01_4 220 136 38
074_GT2_OU_F_RI_01_1 169 226 56
074_GT2_OU_F_RI_01_2 148 226 56
074_GT2_OU_F_RI_01_3 118 220 53
074_GT2_OU_F_RI_01_4 113 222 55
074_GT2_OU_F_RI_01_5 107 205 56
075_GT2_IN_F_LI_01_1 340 194 36
075_GT2_IN_F_LI_01_2 342 191 36
075_GT2_IN_F_LI_01_3 346 190 36
075_GT2_IN_F_LI_01_4 350 190 37
075_GT2_OU_F_LI_01_1 465 136 51
075_GT2_OU_F_LI_01_2 465 134 53
075_GT2_OU_F_LI_01_3 466 130 54
075_GT2_OU_F_LI_01_4 470 127 56
